0 0 1.5708 0 0 0 
-0.103284 0.0483452 1.45705 -0.0078445 0.0407696 -0.0111056 
-0.206567 0.0966903 1.3433 -0.015689 0.0815393 -0.0222112 
-0.309851 0.145035 1.22955 -0.0235335 0.122309 -0.0333168 
-0.413135 0.193381 1.1158 -0.031378 0.163079 -0.0444223 
-0.536811 0.280714 0.928784 -0.0439775 0.209621 -0.0619011 
-0.660487 0.368047 0.741764 -0.0565769 0.256164 -0.0793798 
-0.784163 0.45538 0.554745 -0.0691764 0.302706 -0.0968586 
-0.907839 0.542713 0.367725 -0.0817759 0.349249 -0.114337 
-1.03151 0.630046 0.180706 -0.0943754 0.395792 -0.131816 
-1.15519 0.71738 -0.00631325 -0.106975 0.442334 -0.149295 
-1.12098 0.830913 -0.192208 -0.118483 0.418812 -0.16401 
-1.08676 0.944446 -0.378102 -0.129992 0.395289 -0.178725 
-1.05255 1.05798 -0.563996 -0.1415 0.371767 -0.19344 
-1.1687 0.994057 -0.482608 -0.0684126 0.354649 -0.218472 
-1.28484 0.930136 -0.401221 0.00467531 0.337531 -0.243504 
-1.40134 0.962515 -0.483656 0.0363739 0.2589 -0.297469 
-1.51783 0.994893 -0.566091 0.0680724 0.180269 -0.351434 
-1.63433 1.02727 -0.648526 0.099771 0.101638 -0.405399 
-1.75082 1.05965 -0.730961 0.13147 0.0230075 -0.459364 
-1.7628 0.969852 -0.636206 0.175457 0.085365 -0.441662 
-1.77477 0.880054 -0.541451 0.219444 0.147723 -0.423959 
-1.78674 0.790256 -0.446696 0.263431 0.21008 -0.406257 
-1.73331 0.709886 -0.242366 0.276573 0.276756 -0.357308 
-1.66792 0.719315 -0.132793 0.245729 0.281075 -0.326062 
-1.68251 0.611704 0.0180504 0.179535 0.377931 -0.27538 
-1.6971 0.504093 0.168893 0.113341 0.474787 -0.224698 
-1.69932 0.44044 0.268735 0.0944512 0.523647 -0.187248 
-1.70154 0.376786 0.368577 0.075561 0.572506 -0.149798 
-1.70376 0.313133 0.468419 0.0566707 0.621366 -0.112349 
-1.70598 0.24948 0.568261 0.0377805 0.670226 -0.0748992 
-1.7082 0.185826 0.668103 0.0188902 0.719085 -0.0374496 
-1.71042 0.122173 0.767945 0 0.767945 0 
-1.7082 0.185826 0.668103 0.0188902 0.719085 -0.0374496 
-1.70598 0.24948 0.568261 0.0377805 0.670226 -0.0748992 
-1.70376 0.313133 0.468419 0.0566707 0.621366 -0.112349 
-1.70154 0.376786 0.368577 0.075561 0.572506 -0.149798 
-1.69932 0.44044 0.268735 0.0944512 0.523647 -0.187248 
-1.6971 0.504093 0.168893 0.113341 0.474787 -0.224698 
-1.68251 0.611704 0.0180504 0.179535 0.377931 -0.27538 
-1.66792 0.719315 -0.132793 0.245729 0.281075 -0.326062 
-1.73331 0.709886 -0.242366 0.276573 0.276756 -0.357308 
-1.78674 0.790256 -0.446696 0.263431 0.21008 -0.406257 
-1.77477 0.880054 -0.541451 0.219444 0.147723 -0.423959 
-1.7628 0.969852 -0.636206 0.175457 0.085365 -0.441662 
-1.75082 1.05965 -0.730961 0.13147 0.0230075 -0.459364 
-1.63433 1.02727 -0.648526 0.099771 0.101638 -0.405399 
-1.51783 0.994893 -0.566091 0.0680724 0.180269 -0.351434 
-1.40134 0.962515 -0.483656 0.0363739 0.2589 -0.297469 
-1.28484 0.930136 -0.401221 0.00467531 0.337531 -0.243504 
-1.1687 0.994057 -0.482608 -0.0684126 0.354649 -0.218472 
-1.05255 1.05798 -0.563996 -0.1415 0.371767 -0.19344 
-1.08676 0.944446 -0.378102 -0.129992 0.395289 -0.178725 
-1.12098 0.830913 -0.192208 -0.118483 0.418812 -0.16401 
-1.15519 0.71738 -0.00631325 -0.106975 0.442334 -0.149295 
-1.03151 0.630046 0.180706 -0.0943754 0.395792 -0.131816 
-0.907839 0.542713 0.367725 -0.0817759 0.349249 -0.114337 
-0.784163 0.45538 0.554745 -0.0691764 0.302706 -0.0968586 
-0.660487 0.368047 0.741764 -0.0565769 0.256164 -0.0793798 
-0.536811 0.280714 0.928784 -0.0439775 0.209621 -0.0619011 
-0.413135 0.193381 1.1158 -0.031378 0.163079 -0.0444223 
-0.309851 0.145035 1.22955 -0.0235335 0.122309 -0.0333168 
-0.206567 0.0966903 1.3433 -0.015689 0.0815393 -0.0222112 
-0.103284 0.0483452 1.45705 -0.0078445 0.0407696 -0.0111056 
0 0 1.5708 0 0 0 
