0 0 1.5708 0 0 0 
0.135483 -0.0500666 1.48929 0.0054122 -0.0268817 0.018151 
0.270966 -0.100133 1.40778 0.0108244 -0.0537634 0.036302 
0.40645 -0.1502 1.32627 0.0162366 -0.0806451 0.054453 
0.541933 -0.200266 1.24476 0.0216488 -0.107527 0.072604 
0.677416 -0.250333 1.16325 0.027061 -0.134409 0.090755 
0.812899 -0.3004 1.08174 0.0324732 -0.16129 0.108906 
0.948383 -0.350466 1.00023 0.0378854 -0.188172 0.127057 
1.08387 -0.400533 0.918716 0.0432976 -0.215054 0.145208 
1.21935 -0.4506 0.837206 0.0487098 -0.241935 0.163359 
1.35483 -0.500666 0.755696 0.054122 -0.268817 0.18151 
1.49032 -0.550733 0.674186 0.0595342 -0.295699 0.199661 
1.6258 -0.600799 0.592676 0.0649465 -0.32258 0.217812 
1.76128 -0.650866 0.511166 0.0703587 -0.349462 0.235963 
1.89677 -0.700933 0.429656 0.0757709 -0.376344 0.254114 
2.03225 -0.750999 0.348146 0.0811831 -0.403226 0.272265 
2.16773 -0.801066 0.266636 0.0865953 -0.430107 0.290416 
2.30321 -0.851133 0.185126 0.0920075 -0.456989 0.308567 
2.4387 -0.901199 0.103616 0.0974197 -0.483871 0.326718 
2.57418 -0.951266 0.0221063 0.102832 -0.510752 0.344869 
2.70966 -1.00133 -0.0594037 0.108244 -0.537634 0.36302 
2.84515 -1.0514 -0.140914 0.113656 -0.564516 0.381171 
2.98063 -1.10147 -0.222424 0.119068 -0.591397 0.399322 
3.11611 -1.15153 -0.303934 0.124481 -0.618279 0.417473 
3.2516 -1.2016 -0.385444 0.129893 -0.645161 0.435624 
3.38708 -1.25167 -0.466954 0.135305 -0.672043 0.453775 
3.52256 -1.30173 -0.548464 0.140717 -0.698924 0.471926 
3.65805 -1.3518 -0.629974 0.14613 -0.725806 0.490077 
3.79353 -1.40187 -0.711484 0.151542 -0.752688 0.508228 
3.92901 -1.45193 -0.792994 0.156954 -0.779569 0.526379 
4.0645 -1.502 -0.874504 0.162366 -0.806451 0.54453 
4.19998 -1.55207 -0.956014 0.167778 -0.833333 0.562681 
4.33546 -1.60213 -1.03752 0.173191 -0.860214 0.580832 
4.54995 -1.70154 -0.984011 0.194305 -0.859003 0.658004 
4.76444 -1.80095 -0.930498 0.21542 -0.857792 0.735176 
4.97893 -1.90036 -0.876984 0.236535 -0.856581 0.812347 
5.19342 -1.99977 -0.823471 0.25765 -0.85537 0.889519 
5.40791 -2.09918 -0.769958 0.278765 -0.854159 0.966691 
5.6224 -2.19859 -0.716445 0.29988 -0.852948 1.04386 
5.83689 -2.298 -0.662932 0.320994 -0.851737 1.12103 
6.05138 -2.39741 -0.609419 0.342109 -0.850526 1.19821 
6.09313 -2.36762 -0.642375 0.257661 -0.830069 1.27666 
6.13489 -2.33782 -0.675331 0.173213 -0.809612 1.35511 
6.17664 -2.30803 -0.708287 0.088765 -0.789154 1.43356 
6.21839 -2.27823 -0.741243 0.00431695 -0.768697 1.51201 
6.26014 -2.24844 -0.774199 -0.0801311 -0.74824 1.59046 
6.30189 -2.21864 -0.807155 -0.164579 -0.727783 1.66891 
6.34364 -2.18885 -0.840112 -0.249027 -0.707326 1.74736 
6.38539 -2.15905 -0.873068 -0.333475 -0.686868 1.82581 
6.42714 -2.12926 -0.906024 -0.417924 -0.666411 1.90426 
6.46889 -2.09946 -0.93898 -0.502372 -0.645954 1.98271 
6.51064 -2.06967 -0.971936 -0.58682 -0.625497 2.06117 
6.55239 -2.03987 -1.00489 -0.671268 -0.605039 2.13962 
6.59414 -2.01008 -1.03785 -0.755716 -0.584582 2.21807 
6.63589 -1.98028 -1.0708 -0.840164 -0.564125 2.29652 
6.67764 -1.95049 -1.10376 -0.924612 -0.543668 2.37497 
6.71939 -1.92069 -1.13672 -1.00906 -0.523211 2.45342 
6.71658 -1.89978 -1.06009 -1.02418 -0.508316 2.6377 
6.71377 -1.87888 -0.983464 -1.03931 -0.493421 2.82197 
6.71096 -1.85797 -0.906837 -1.05443 -0.478527 3.00625 
6.70815 -1.83706 -0.830211 -1.06955 -0.463632 3.19052 
6.70534 -1.81616 -0.753585 -1.08467 -0.448737 3.3748 
6.70252 -1.79525 -0.676958 -1.0998 -0.433842 3.55907 
6.69971 -1.77435 -0.600332 -1.11492 -0.418948 3.74335 
6.6969 -1.75344 -0.523706 -1.13004 -0.404053 3.92763 
6.69409 -1.73253 -0.447079 -1.14517 -0.389158 4.1119 
6.69128 -1.71163 -0.370453 -1.16029 -0.374264 4.29618 
6.68847 -1.69072 -0.293827 -1.17541 -0.359369 4.48045 
6.68565 -1.66981 -0.2172 -1.19053 -0.344474 4.66473 
6.68284 -1.64891 -0.140574 -1.20566 -0.32958 4.84901 
6.68003 -1.628 -0.0639475 -1.22078 -0.314685 5.03328 
6.67722 -1.6071 0.0126788 -1.2359 -0.29979 5.21756 
6.67441 -1.58619 0.0893052 -1.25103 -0.284896 5.40183 
6.67159 -1.56528 0.165932 -1.26615 -0.270001 5.58611 
6.66878 -1.54438 0.242558 -1.28127 -0.255106 5.77039 
6.66597 -1.52347 0.319184 -1.29639 -0.240211 5.95466 
6.66316 -1.50256 0.395811 -1.31152 -0.225317 6.13894 
6.66035 -1.48166 0.472437 -1.32664 -0.210422 6.32321 
6.65754 -1.46075 0.549063 -1.34176 -0.195527 6.50749 
6.65472 -1.43985 0.62569 -1.35688 -0.180633 6.69176 
6.65191 -1.41894 0.702316 -1.37201 -0.165738 6.87604 
6.6491 -1.39803 0.778942 -1.38713 -0.150843 7.06032 
6.64629 -1.37713 0.855569 -1.40225 -0.135949 7.24459 
6.64348 -1.35622 0.932195 -1.41738 -0.121054 7.42887 
6.64066 -1.33531 1.00882 -1.4325 -0.106159 7.61314 
6.63785 -1.31441 1.08545 -1.44762 -0.0912646 7.79742 
6.63504 -1.2935 1.16207 -1.46274 -0.0763699 7.9817 
6.63223 -1.2726 1.2387 -1.47787 -0.0614752 8.16597 
6.62942 -1.25169 1.31533 -1.49299 -0.0465805 8.35025 
6.62661 -1.23078 1.39195 -1.50811 -0.0316858 8.53452 
6.62379 -1.20988 1.46858 -1.52324 -0.0167911 8.7188 
6.62098 -1.18897 1.54521 -1.53836 -0.00189642 8.90308 
6.61817 -1.16806 1.62183 -1.55348 0.0129983 9.08735 
6.61536 -1.14716 1.69846 -1.5686 0.027893 9.27163 
6.61255 -1.12625 1.77509 -1.58373 0.0427877 9.4559 
6.60974 -1.10534 1.85171 -1.59885 0.0576823 9.64018 
6.60692 -1.08444 1.92834 -1.61397 0.072577 9.82446 
6.60411 -1.06353 2.00496 -1.6291 0.0874717 10.0087 
6.6013 -1.04263 2.08159 -1.64422 0.102366 10.193 
6.59849 -1.02172 2.15822 -1.65934 0.117261 10.3773 
6.59568 -1.00081 2.23484 -1.67446 0.132156 10.5616 
6.59286 -0.979907 2.31147 -1.68959 0.14705 10.7458 
6.59005 -0.959001 2.3881 -1.70471 0.161945 10.9301 
6.58724 -0.938094 2.46472 -1.71983 0.17684 11.1144 
6.58443 -0.917188 2.54135 -1.73496 0.191735 11.2987 
6.58162 -0.896282 2.61797 -1.75008 0.206629 11.4829 
6.57881 -0.875376 2.6946 -1.7652 0.221524 11.6672 
6.57599 -0.854469 2.77123 -1.78032 0.236419 11.8515 
6.57318 -0.833563 2.84785 -1.79545 0.251313 12.0358 
6.57037 -0.812657 2.92448 -1.81057 0.266208 12.22 
6.56756 -0.79175 3.00111 -1.82569 0.281103 12.4043 
6.56475 -0.770844 3.07773 -1.84081 0.295997 12.5886 
6.56193 -0.749938 3.15436 -1.85594 0.310892 12.7729 
6.55912 -0.729032 3.23099 -1.87106 0.325787 12.9571 
6.55631 -0.708125 3.30761 -1.88618 0.340681 13.1414 
6.5535 -0.687219 3.38424 -1.90131 0.355576 13.3257 
6.55069 -0.666313 3.46086 -1.91643 0.370471 13.51 
6.54788 -0.645406 3.53749 -1.93155 0.385366 13.6942 
6.54506 -0.6245 3.61412 -1.94667 0.40026 13.8785 
6.54225 -0.603594 3.69074 -1.9618 0.415155 14.0628 
6.53944 -0.582688 3.76737 -1.97692 0.43005 14.2471 
6.63015 -0.478279 3.73118 -2.15962 0.410688 14.2644 
6.72085 -0.373871 3.69499 -2.34232 0.391325 14.2818 
6.81156 -0.269462 3.6588 -2.52502 0.371963 14.2991 
6.90226 -0.165054 3.6226 -2.70772 0.352601 14.3164 
6.99297 -0.0606451 3.58641 -2.89042 0.333239 14.3338 
7.08367 0.0437634 3.55022 -3.07312 0.313877 14.3511 
7.17438 0.148172 3.51403 -3.25582 0.294515 14.3685 
7.26508 0.25258 3.47784 -3.43852 0.275153 14.3858 
7.17266 0.192815 3.33388 -3.53869 0.315315 14.4533 
7.08023 0.13305 3.18992 -3.63886 0.355477 14.5207 
6.98781 0.0732841 3.04596 -3.73903 0.395639 14.5882 
6.89539 0.0135187 2.902 -3.8392 0.435801 14.6556 
6.80296 -0.0462468 2.75804 -3.93937 0.475963 14.7231 
6.71054 -0.106012 2.61408 -4.03954 0.516126 14.7905 
6.61811 -0.165778 2.47012 -4.13971 0.556288 14.858 
6.52569 -0.225543 2.32616 -4.23988 0.59645 14.9254 
6.43326 -0.285309 2.1822 -4.34005 0.636612 14.9929 
6.34084 -0.345074 2.03824 -4.44023 0.676774 15.0603 
6.24842 -0.404839 1.89428 -4.5404 0.716936 15.1278 
6.15599 -0.464605 1.75032 -4.64057 0.757098 15.1952 
6.06357 -0.52437 1.60636 -4.74074 0.79726 15.2627 
5.97114 -0.584136 1.4624 -4.84091 0.837422 15.3301 
5.87872 -0.643901 1.31844 -4.94108 0.877584 15.3976 
5.7863 -0.703667 1.17448 -5.04125 0.917746 15.465 
5.69387 -0.763432 1.03053 -5.14142 0.957908 15.5325 
5.60145 -0.823198 0.886566 -5.24159 0.998071 15.5999 
5.50902 -0.882963 0.742606 -5.34176 1.03823 15.6674 
5.4166 -0.942728 0.598647 -5.44193 1.07839 15.7348 
5.32417 -1.00249 0.454687 -5.5421 1.11856 15.8023 
5.23175 -1.06226 0.310728 -5.64228 1.15872 15.8697 
5.13933 -1.12202 0.166768 -5.74245 1.19888 15.9371 
5.0469 -1.18179 0.0228086 -5.84262 1.23904 16.0046 
4.95448 -1.24156 -0.121151 -5.94279 1.27921 16.072 
4.86205 -1.30132 -0.26511 -6.04296 1.31937 16.1395 
4.76963 -1.36109 -0.40907 -6.14313 1.35953 16.2069 
4.67721 -1.42085 -0.553029 -6.2433 1.39969 16.2744 
4.58478 -1.48062 -0.696989 -6.34347 1.43985 16.3418 
4.49236 -1.54038 -0.840948 -6.44364 1.48002 16.4093 
4.39993 -1.60015 -0.984908 -6.54381 1.52018 16.4767 
4.30751 -1.65991 -1.12887 -6.64398 1.56034 16.5442 
4.18006 -1.75318 -1.10184 -6.66108 1.56665 16.5365 
4.05261 -1.84645 -1.07481 -6.67817 1.57296 16.5288 
3.92516 -1.93971 -1.04778 -6.69526 1.57927 16.5211 
3.79771 -2.03298 -1.02075 -6.71235 1.58558 16.5134 
3.67026 -2.12625 -0.993721 -6.72944 1.59189 16.5057 
3.54282 -2.21951 -0.966691 -6.74653 1.5982 16.498 
3.41537 -2.31278 -0.939662 -6.76362 1.6045 16.4903 
3.28792 -2.40605 -0.912632 -6.78071 1.61081 16.4825 
3.16047 -2.49931 -0.885603 -6.79781 1.61712 16.4748 
3.03302 -2.59258 -0.858574 -6.8149 1.62343 16.4671 
2.90557 -2.68585 -0.831544 -6.83199 1.62974 16.4594 
2.77812 -2.77911 -0.804515 -6.84908 1.63605 16.4517 
2.65067 -2.87238 -0.777486 -6.86617 1.64236 16.444 
2.52322 -2.96565 -0.750456 -6.88326 1.64867 16.4363 
2.39577 -3.05891 -0.723427 -6.90035 1.65498 16.4286 
2.26832 -3.15218 -0.696398 -6.91745 1.66129 16.4209 
2.1737 -3.11486 -0.713126 -6.91883 1.70181 16.5023 
2.07907 -3.07754 -0.729854 -6.92022 1.74234 16.5836 
1.98445 -3.04022 -0.746582 -6.92161 1.78286 16.665 
1.88982 -3.0029 -0.76331 -6.92299 1.82338 16.7464 
1.7952 -2.96558 -0.780038 -6.92438 1.86391 16.8277 
1.70057 -2.92826 -0.796766 -6.92577 1.90443 16.9091 
1.60595 -2.89094 -0.813494 -6.92715 1.94495 16.9905 
1.51132 -2.85362 -0.830222 -6.92854 1.98548 17.0718 
1.4167 -2.8163 -0.84695 -6.92993 2.026 17.1532 
1.32207 -2.77898 -0.863678 -6.93132 2.06652 17.2346 
1.22745 -2.74167 -0.880406 -6.9327 2.10705 17.3159 
1.13282 -2.70435 -0.897134 -6.93409 2.14757 17.3973 
1.0382 -2.66703 -0.913862 -6.93548 2.18809 17.4787 
0.943572 -2.62971 -0.93059 -6.93686 2.22862 17.56 
0.848947 -2.59239 -0.947318 -6.93825 2.26914 17.6414 
0.754322 -2.55507 -0.964046 -6.93964 2.30966 17.7228 
0.664083 -2.50906 -0.97511 -6.98662 2.27425 17.8301 
0.573844 -2.46305 -0.986174 -7.0336 2.23883 17.9374 
0.483605 -2.41704 -0.997238 -7.08058 2.20341 18.0448 
0.393366 -2.37104 -1.0083 -7.12756 2.168 18.1521 
0.303127 -2.32503 -1.01937 -7.17455 2.13258 18.2594 
0.212888 -2.27902 -1.03043 -7.22153 2.09716 18.3668 
0.122649 -2.23301 -1.04149 -7.26851 2.06174 18.4741 
0.0324102 -2.18701 -1.05256 -7.31549 2.02633 18.5814 
-0.0578287 -2.141 -1.06362 -7.36247 1.99091 18.6888 
-0.148068 -2.09499 -1.07468 -7.40945 1.95549 18.7961 
-0.238307 -2.04898 -1.08575 -7.45643 1.92007 18.9034 
-0.328545 -2.00297 -1.09681 -7.50341 1.88466 19.0108 
-0.418784 -1.95697 -1.10788 -7.5504 1.84924 19.1181 
-0.509023 -1.91096 -1.11894 -7.59738 1.81382 19.2254 
-0.599262 -1.86495 -1.13 -7.64436 1.77841 19.3328 
-0.689501 -1.81894 -1.14107 -7.69134 1.74299 19.4401 
-0.580602 -1.80444 -1.14008 -7.7173 1.75886 19.6721 
-0.471704 -1.78995 -1.13909 -7.74326 1.77474 19.9042 
-0.362805 -1.77545 -1.13809 -7.76922 1.79062 20.1362 
-0.253906 -1.76095 -1.1371 -7.79518 1.80649 20.3682 
-0.145007 -1.74645 -1.13611 -7.82114 1.82237 20.6003 
-0.0361087 -1.73195 -1.13512 -7.8471 1.83824 20.8323 
0.0727901 -1.71745 -1.13413 -7.87307 1.85412 21.0643 
0.181689 -1.70295 -1.13314 -7.89903 1.86999 21.2964 
0.290588 -1.68846 -1.13215 -7.92499 1.88587 21.5284 
0.399486 -1.67396 -1.13116 -7.95095 1.90175 21.7604 
0.508385 -1.65946 -1.13017 -7.97691 1.91762 21.9925 
0.617284 -1.64496 -1.12918 -8.00287 1.9335 22.2245 
0.726182 -1.63046 -1.12819 -8.02883 1.94937 22.4565 
0.835081 -1.61596 -1.1272 -8.05479 1.96525 22.6886 
0.94398 -1.60147 -1.12621 -8.08075 1.98112 22.9206 
1.05288 -1.58697 -1.12522 -8.10671 1.997 23.1526 
1.05666 -1.62595 -1.12279 -8.00568 1.96506 23.3329 
1.06045 -1.66494 -1.12036 -7.90465 1.93312 23.5131 
1.06423 -1.70392 -1.11794 -7.80362 1.90118 23.6933 
1.06801 -1.74291 -1.11551 -7.7026 1.86924 23.8735 
1.0718 -1.78189 -1.11309 -7.60157 1.8373 24.0537 
1.07558 -1.82088 -1.11066 -7.50054 1.80537 24.234 
1.07936 -1.85987 -1.10824 -7.39951 1.77343 24.4142 
1.08315 -1.89885 -1.10581 -7.29848 1.74149 24.5944 
1.08693 -1.93784 -1.10338 -7.19745 1.70955 24.7746 
1.09071 -1.97682 -1.10096 -7.09642 1.67761 24.9548 
1.0945 -2.01581 -1.09853 -6.99539 1.64567 25.1351 
1.09828 -2.05479 -1.09611 -6.89436 1.61373 25.3153 
1.10206 -2.09378 -1.09368 -6.79333 1.58179 25.4955 
1.10585 -2.13276 -1.09126 -6.6923 1.54985 25.6757 
1.10963 -2.17175 -1.08883 -6.59127 1.51791 25.8559 
1.11341 -2.21074 -1.08641 -6.49024 1.48597 26.0362 
1.1172 -2.24972 -1.08398 -6.38922 1.45403 26.2164 
1.12098 -2.28871 -1.08155 -6.28819 1.42209 26.3966 
1.12476 -2.32769 -1.07913 -6.18716 1.39016 26.5768 
1.12855 -2.36668 -1.0767 -6.08613 1.35822 26.757 
1.13233 -2.40566 -1.07428 -5.9851 1.32628 26.9373 
1.13611 -2.44465 -1.07185 -5.88407 1.29434 27.1175 
1.1399 -2.48363 -1.06943 -5.78304 1.2624 27.2977 
1.14368 -2.52262 -1.067 -5.68201 1.23046 27.4779 
1.14746 -2.56161 -1.06457 -5.58098 1.19852 27.6581 
1.15125 -2.60059 -1.06215 -5.47995 1.16658 27.8384 
1.15503 -2.63958 -1.05972 -5.37892 1.13464 28.0186 
1.15881 -2.67856 -1.0573 -5.27789 1.1027 28.1988 
1.1626 -2.71755 -1.05487 -5.17686 1.07076 28.379 
1.16638 -2.75653 -1.05245 -5.07584 1.03882 28.5592 
1.17017 -2.79552 -1.05002 -4.97481 1.00688 28.7395 
1.17395 -2.83451 -1.04759 -4.87378 0.974945 28.9197 
1.17401 -2.83172 -1.05613 -4.87707 0.974223 28.9343 
1.17552 -2.69618 -1.1049 -4.84796 0.993911 28.939 
1.17703 -2.56065 -1.15367 -4.81884 1.0136 28.9438 
1.19495 -2.55199 -1.1557 -4.80691 1.01223 28.9698 
1.2949 -2.54566 -1.12135 -4.62322 1.03722 29.0147 
1.39485 -2.53933 -1.087 -4.43953 1.06222 29.0597 
1.4948 -2.533 -1.05265 -4.25584 1.08722 29.1046 
1.59474 -2.52668 -1.0183 -4.07215 1.11221 29.1495 
1.5831 -2.50787 -0.965952 -4.05645 1.14274 29.2979 
1.57145 -2.48907 -0.913599 -4.04075 1.17327 29.4462 
1.5598 -2.47027 -0.861247 -4.02505 1.2038 29.5946 
1.54815 -2.45146 -0.808894 -4.00936 1.23433 29.7429 
1.5365 -2.43266 -0.756542 -3.99366 1.26486 29.8913 
1.52485 -2.41386 -0.704189 -3.97796 1.29539 30.0397 
1.51321 -2.39505 -0.651837 -3.96226 1.32592 30.188 
1.50156 -2.37625 -0.599484 -3.94656 1.35644 30.3364 
1.48991 -2.35745 -0.547131 -3.93087 1.38697 30.4847 
1.47826 -2.33864 -0.494779 -3.91517 1.4175 30.6331 
1.46661 -2.31984 -0.442426 -3.89947 1.44803 30.7814 
1.45497 -2.30104 -0.390074 -3.88377 1.47856 30.9298 
1.44332 -2.28223 -0.337721 -3.86808 1.50909 31.0781 
1.43167 -2.26343 -0.285369 -3.85238 1.53962 31.2265 
1.42002 -2.24463 -0.233016 -3.83668 1.57015 31.3748 
1.40837 -2.22582 -0.180663 -3.82098 1.60068 31.5232 
1.4341 -2.28665 -0.0365022 -3.82021 1.40431 31.5417 
1.45984 -2.34748 0.107659 -3.81943 1.20795 31.5602 
1.48557 -2.40831 0.25182 -3.81866 1.01159 31.5787 
1.5113 -2.46914 0.395981 -3.81789 0.815226 31.5972 
1.5152 -2.46871 0.398333 -3.81366 0.798946 31.5981 
1.42383 -2.39769 0.417842 -3.74998 0.762764 31.5334 
1.33247 -2.32667 0.437351 -3.68629 0.726581 31.4687 
1.24111 -2.25566 0.456861 -3.6226 0.690399 31.404 
1.14975 -2.18464 0.47637 -3.55892 0.654217 31.3393 
1.05839 -2.11362 0.495879 -3.49523 0.618034 31.2746 
0.967026 -2.04261 0.515389 -3.43155 0.581852 31.2099 
0.875664 -1.97159 0.534898 -3.36786 0.54567 31.1452 
0.784303 -1.90057 0.554408 -3.30417 0.509488 31.0805 
0.692941 -1.82955 0.573917 -3.24049 0.473305 31.0158 
0.60158 -1.75854 0.593426 -3.1768 0.437123 30.9511 
0.510218 -1.68752 0.612936 -3.11312 0.400941 30.8864 
0.418857 -1.6165 0.632445 -3.04943 0.364758 30.8217 
0.327495 -1.54549 0.651955 -2.98574 0.328576 30.757 
0.236133 -1.47447 0.671464 -2.92206 0.292394 30.6923 
0.144772 -1.40345 0.690973 -2.85837 0.256211 30.6276 
0.0534104 -1.33243 0.710483 -2.79469 0.220029 30.5629 
-0.0379512 -1.26142 0.729992 -2.731 0.183847 30.4982 
-0.129313 -1.1904 0.749501 -2.66731 0.147665 30.4335 
-0.220674 -1.11938 0.769011 -2.60363 0.111482 30.3688 
-0.312036 -1.04837 0.78852 -2.53994 0.0752999 30.3041 
-0.403397 -0.977348 0.80803 -2.47626 0.0391176 30.2394 
-0.494759 -0.906331 0.827539 -2.41257 0.0029353 30.1747 
-0.586121 -0.835314 0.847048 -2.34888 -0.033247 30.11 
-0.677482 -0.764297 0.866558 -2.2852 -0.0694293 30.0453 
-0.768844 -0.69328 0.886067 -2.22151 -0.105612 29.9806 
-0.860205 -0.622262 0.905576 -2.15783 -0.141794 29.9159 
-0.951567 -0.551245 0.925086 -2.09414 -0.177976 29.8512 
-1.04293 -0.480228 0.944595 -2.03045 -0.214159 29.7865 
-1.13429 -0.409211 0.964105 -1.96677 -0.250341 29.7218 
-1.22565 -0.338194 0.983614 -1.90308 -0.286523 29.6571 
-1.31701 -0.267177 1.00312 -1.8394 -0.322705 29.5924 
-1.40837 -0.19616 1.02263 -1.77571 -0.358888 29.5277 
-1.42084 -0.189859 1.02424 -1.76636 -0.363139 29.5289 
-1.46983 -0.124111 0.886638 -1.77526 -0.334073 29.4354 
-1.51882 -0.0583641 0.749038 -1.78415 -0.305007 29.3419 
-1.56782 0.00738322 0.611438 -1.79305 -0.275941 29.2483 
-1.61681 0.0731305 0.473838 -1.80194 -0.246875 29.1548 
-1.66581 0.138878 0.336238 -1.81084 -0.217809 29.0612 
-1.7148 0.204625 0.198638 -1.81973 -0.188743 28.9677 
-1.7638 0.270373 0.0610381 -1.82863 -0.159677 28.8741 
-1.81279 0.33612 -0.0765618 -1.83752 -0.130612 28.7806 
-1.86178 0.401867 -0.214162 -1.84642 -0.101546 28.687 
-1.91078 0.467615 -0.351762 -1.85531 -0.0724796 28.5935 
-1.95977 0.533362 -0.489362 -1.86421 -0.0434137 28.5 
-2.00877 0.599109 -0.626962 -1.8731 -0.0143477 28.4064 
-2.05776 0.664857 -0.764562 -1.882 0.0147182 28.3129 
-2.10676 0.730604 -0.902162 -1.89089 0.0437842 28.2193 
-2.15575 0.796351 -1.03976 -1.89979 0.0728501 28.1258 
-2.20474 0.862098 -1.17736 -1.90868 0.101916 28.0322 
-2.16715 0.914139 -1.06526 -1.87003 0.110673 28.0383 
-2.12956 0.96618 -0.953149 -1.83138 0.119431 28.0443 
-2.09197 1.01822 -0.841042 -1.79273 0.128188 28.0504 
-2.05438 1.07026 -0.728935 -1.75408 0.136945 28.0564 
-2.0412 1.06671 -0.719336 -1.75381 0.142035 28.0562 
-1.99807 0.995239 -0.582997 -1.79547 0.148271 28.0435 
-1.95494 0.923772 -0.446658 -1.83712 0.154508 28.0308 
-1.91181 0.852305 -0.310319 -1.87878 0.160744 28.0181 
-1.86869 0.780838 -0.173981 -1.92044 0.16698 28.0054 
-1.84086 0.757848 -0.119543 -1.93783 0.151343 28.0131 
-1.75293 0.817564 0.0016875 -1.90115 0.0540479 28.0058 
-1.75634 0.80506 0.0102082 -1.90504 0.0478697 28.0025 
-1.77453 0.768712 0.0784808 -1.87937 0.0225158 28.0021 
-1.80009 0.701574 0.110275 -1.86852 -0.013839 28.0042 
-1.76975 0.636232 0.126519 -1.91063 -0.101577 28.0049 
-1.82247 0.616609 0.213229 -1.91179 -0.116414 28.0127 
-1.79867 0.566008 0.243209 -1.92082 -0.0924681 28.0266 
-1.80905 0.570854 0.275785 -1.92513 -0.0935083 28.0292 
-1.73881 0.483588 0.391089 -1.95979 -0.113583 28.0358 
-1.66858 0.396323 0.506393 -1.99444 -0.133658 28.0425 
-1.6945 0.354197 0.533165 -2.00873 -0.241165 28.0416 
-1.7357 0.364459 0.557179 -2.00021 -0.25808 28.0397 
-1.73597 0.284809 0.567903 -1.9454 -0.272296 28.0036 
-1.74385 0.266204 0.595156 -1.94298 -0.275676 27.9965 
-1.73121 0.248813 0.670628 -1.88757 -0.296094 27.9602 
-1.79855 0.217419 0.669764 -1.89833 -0.296977 27.8638 
-1.8081 0.219669 0.669769 -1.89057 -0.299549 27.8519 
-1.8059 0.219404 0.678353 -1.88388 -0.293806 27.8397 
-1.76693 0.219466 0.671603 -1.87601 -0.301039 27.7062 
-1.72796 0.219528 0.664854 -1.86814 -0.308273 27.5728 
-1.73046 0.209423 0.70103 -1.9317 -0.331563 27.4163 
-1.73296 0.199318 0.737206 -1.99527 -0.354853 27.2599 
-1.79156 0.190161 0.728074 -2.03024 -0.383832 27.2158 
-1.74792 0.223819 0.628653 -2.01934 -0.399513 27.0847 
-1.71474 0.226593 0.626525 -2.02127 -0.399258 27.0746 
-1.7296 0.240405 0.630016 -2.13101 -0.391181 26.9987 
-1.74446 0.254216 0.633506 -2.24076 -0.383104 26.9228 
-1.75931 0.268028 0.636997 -2.35051 -0.375027 26.8469 
-1.77417 0.281839 0.640487 -2.46025 -0.366951 26.771 
-1.81306 0.256732 0.656053 -2.46149 -0.357049 26.7221 
-1.78834 0.180274 0.661524 -2.48876 -0.414137 26.7003 
-1.80672 0.190052 0.659589 -2.51631 -0.405515 26.5205 
-1.8251 0.199829 0.657654 -2.54386 -0.396892 26.3408 
-1.80276 0.189236 0.645473 -2.52596 -0.389164 26.3007 
-1.79436 0.191649 0.645296 -2.53066 -0.387964 26.2673 
-1.79613 0.148124 0.749991 -2.56138 -0.402362 26.237 
-1.74669 0.139638 0.753558 -2.48106 -0.385673 26.0315 
-1.69725 0.131153 0.757124 -2.40074 -0.368985 25.8261 
-1.74843 0.156686 0.804192 -2.43571 -0.357382 25.7362 
-1.73541 0.121104 0.779763 -2.41937 -0.341182 25.6881 
-1.7203 0.118657 0.786294 -2.52916 -0.353658 25.584 
-1.70519 0.11621 0.792826 -2.63895 -0.366134 25.4799 
-1.69007 0.113762 0.799357 -2.74874 -0.378609 25.3758 
-1.67496 0.111315 0.805889 -2.85853 -0.391085 25.2717 
-1.67892 0.129457 0.768285 -2.84088 -0.444064 25.2194 
-1.77547 0.135367 0.781326 -2.74243 -0.434961 25.0626 
-1.67547 0.108518 0.797779 -2.71775 -0.409429 24.9775 
-1.77772 0.0729647 0.829444 -2.73361 -0.420682 24.7617 
-1.77956 0.074564 0.829975 -2.74735 -0.41971 24.7512 
-1.78376 0.077001 0.839564 -2.7555 -0.417656 24.7404 
-1.72098 0.159182 0.822849 -2.78497 -0.374659 24.7052 
-1.70866 0.133677 0.81817 -2.91902 -0.31072 24.5733 
-1.69633 0.108173 0.81349 -3.05307 -0.246781 24.4414 
-1.72689 0.101087 0.819171 -3.05006 -0.255812 24.4308 
-1.7801 0.0948421 0.831286 -3.04457 -0.279671 24.3954 
-1.78504 0.0926556 0.830277 -3.05509 -0.275817 24.3832 
-1.77059 0.0882526 0.838616 -3.1793 -0.2875 24.2623 
-1.78359 0.094377 0.841146 -3.18741 -0.28443 24.2318 
-1.78257 0.088948 0.83476 -3.18656 -0.289328 24.2174 
-1.69042 0.111434 0.814987 -3.23356 -0.300305 23.9983 
-1.69571 0.101667 0.803721 -3.23764 -0.305654 23.9679 
-1.68867 0.111342 0.791402 -3.22871 -0.311275 23.9196 
-1.6919 0.170479 0.806447 -3.18919 -0.265858 23.7286 
-1.71295 0.177544 0.802949 -3.16118 -0.263176 23.6905 
-1.78604 0.156698 0.739308 -3.26496 -0.360978 23.6087 
-1.76284 0.153227 0.750369 -3.44225 -0.380349 23.431 
-1.73964 0.149757 0.76143 -3.61954 -0.39972 23.2534 
-1.71644 0.146287 0.772491 -3.79682 -0.419091 23.0757 
-1.69324 0.142816 0.783552 -3.97411 -0.438462 22.898 
-1.692 0.136199 0.766953 -3.97298 -0.423199 22.8723 
-1.71641 0.128489 0.76171 -3.97076 -0.417978 22.8498 
-1.68049 0.163677 0.721291 -3.99144 -0.433797 22.7494 
-1.69419 0.19317 0.747786 -3.98235 -0.441571 22.7204 
-1.6941 0.192811 0.747528 -3.98325 -0.450286 22.7053 
-1.70054 0.193603 0.74723 -3.97491 -0.449214 22.6915 
-1.7016 0.190272 0.743757 -3.97225 -0.447269 22.6751 
-1.73568 0.174732 0.727701 -3.98844 -0.445393 22.6465 
-1.73154 0.176058 0.726661 -3.98911 -0.446039 22.6297 
-1.70503 0.166564 0.701926 -3.9986 -0.450179 22.5717 
-1.67538 0.22975 0.678183 -4.02921 -0.410299 22.4643 
-1.73643 0.210534 0.71756 -4.10354 -0.362657 22.3583 
-1.72732 0.214688 0.714024 -4.10759 -0.360889 22.3254 
-1.72535 0.212394 0.712497 -4.11038 -0.361204 22.3085 
-1.67252 0.176563 0.709195 -4.08827 -0.365823 22.2918 
-1.73651 0.188347 0.692387 -3.99897 -0.355863 22.1581 
-1.69751 0.200881 0.682499 -4.00533 -0.361707 21.998 
-1.65852 0.213415 0.672611 -4.01168 -0.367551 21.8379 
-1.66161 0.204591 0.672574 -4.01575 -0.371292 21.8242 
-1.67075 0.196481 0.669541 -4.014 -0.369979 21.8123 
-1.67697 0.197718 0.667916 -4.0051 -0.368965 21.7988 
-1.62734 0.21051 0.661531 -4.00708 -0.365905 21.6322 
-1.63387 0.212005 0.660376 -3.99847 -0.364998 21.6186 
-1.73807 0.228049 0.63807 -3.9819 -0.35403 21.5061 
-1.73667 0.230924 0.633208 -3.98886 -0.34587 21.4936 
-1.68953 0.226145 0.623343 -3.98863 -0.336004 21.3819 
-1.73469 0.227163 0.676662 -4.04402 -0.378863 21.2381 
-1.73972 0.229521 0.688045 -4.04313 -0.377841 21.2261 
-1.73322 0.225031 0.692095 -4.04321 -0.370398 21.2131 
-1.73162 0.21257 0.689048 -4.04862 -0.375042 21.2038 
-1.73814 0.209191 0.698478 -4.05742 -0.371693 21.1952 
-1.72039 0.214456 0.715087 -4.06236 -0.356071 21.177 
-1.7022 0.117843 0.822342 -4.04062 -0.313138 21.1425 
-1.7073 0.111864 0.817484 -4.05973 -0.311898 21.1148 
-1.74412 0.118962 0.808354 -4.00732 -0.305738 21.033 
-1.69628 0.108426 0.823428 -4.00738 -0.299012 20.9861 
-1.74863 0.110205 0.814949 -3.92992 -0.3137 20.861 
-1.72274 0.148852 0.809445 -3.96002 -0.351237 20.8053 
-1.71319 0.11056 0.816459 -3.95581 -0.332057 20.7516 
-1.70451 0.0811091 0.875443 -3.97431 -0.377415 20.7235 
-1.71557 0.0714679 0.874297 -3.96731 -0.374348 20.718 
-1.74911 0.10086 0.864803 -3.95349 -0.377678 20.5868 
-1.74902 0.062034 0.967692 -3.91796 -0.382213 20.4561 
-1.72936 0.067928 0.966918 -3.89924 -0.390449 20.4367 
-1.70746 0.00910778 1.01703 -3.8391 -0.409267 20.4133 
-1.73276 0.0208518 1.00284 -3.75999 -0.396316 20.3034 
-1.75806 0.0325958 0.988644 -3.68088 -0.383364 20.1934 
-1.75591 -0.00465979 1.0227 -3.67446 -0.380576 20.1226 
-1.72627 -0.00500901 1.01846 -3.67227 -0.386313 20.0043 
-1.70597 0.00799759 0.959953 -3.66369 -0.433442 19.8895 
-1.71194 0.00863802 0.959783 -3.65578 -0.432441 19.8751 
-1.72723 0.00544284 0.961099 -3.65916 -0.429079 19.8691 
-1.7074 0.0148868 0.953408 -3.66979 -0.425477 19.7858 
-1.76246 0.0226221 0.942899 -3.65994 -0.420008 19.7203 
-1.72935 0.0117536 0.956409 -3.66882 -0.431863 19.6632 
-1.70749 0.0248498 0.973841 -3.65527 -0.426282 19.6561 
-1.76302 0.0271232 0.952814 -3.55151 -0.424214 19.5059 
-1.75867 0.0214699 0.961819 -3.55641 -0.416602 19.4964 
-1.69994 0.0208974 0.953012 -3.5516 -0.428089 19.2597 
-1.73325 0.0123884 0.944473 -3.54605 -0.39558 19.2094 
-1.74708 0.0149794 0.942557 -3.54543 -0.400235 19.2004 
-1.75255 0.0580845 0.932754 -3.54348 -0.37298 19.1541 
-1.70907 0.0248616 0.929751 -3.52543 -0.363188 19.1161 
-1.69484 0.02839 0.928128 -3.52562 -0.362326 19.0658 
-1.75314 -0.00630769 1.00137 -3.55294 -0.400679 18.9087 
-1.75787 -0.00596404 0.999818 -3.54366 -0.40041 18.8948 
-1.70739 0.00957403 0.988133 -3.55012 -0.408139 18.6747 
-1.7026 0.0240957 0.982501 -3.54509 -0.404439 18.6747 
-1.70313 0.010875 1.00151 -3.43265 -0.349596 18.6287 
-1.70366 -0.00234575 1.02052 -3.32021 -0.294753 18.5828 
-1.7042 -0.0155665 1.03954 -3.20777 -0.239911 18.5369 
-1.70473 -0.0287872 1.05855 -3.09533 -0.185068 18.491 
-1.73522 -0.015016 1.04186 -2.99436 -0.167778 18.3437 
-1.7657 -0.00124488 1.02518 -2.89338 -0.150488 18.1964 
-1.76187 0.00245048 1.01781 -2.89017 -0.15278 18.182 
-1.75494 0.000832611 1.01727 -2.88771 -0.149591 18.1666 
-1.71817 0.0744508 0.960788 -2.71661 -0.0723865 18.0874 
-1.70505 0.0703168 0.95249 -2.71239 -0.0672106 18.0859 
-1.73058 0.082522 0.937966 -2.62542 -0.0520665 17.96 
-1.75611 0.0947272 0.923442 -2.53846 -0.0369224 17.834 
-1.70842 0.0333844 0.977206 -2.54128 -0.0713028 17.7133 
-1.74951 0.0391467 0.969319 -2.53096 -0.0663636 17.6589 
-1.74277 0.0172081 1.01255 -2.39993 -0.0691805 17.6249 
-1.73602 -0.00473054 1.05578 -2.2689 -0.0719973 17.5908 
-1.72928 -0.0266691 1.09901 -2.13787 -0.0748141 17.5567 
-1.72254 -0.0486077 1.14224 -2.00684 -0.077631 17.5227 
-1.74293 -0.0458616 1.13855 -2.00104 -0.0751898 17.4954 
-1.73704 -0.0255479 1.15647 -2.00769 -0.0717236 17.4756 
-1.73075 -0.00199295 1.0913 -1.97688 0.0401025 17.3653 
-1.72755 -0.0231997 1.08848 -1.98496 0.0460342 17.3398 
-1.75175 -0.0152127 1.07645 -1.90752 0.0599017 17.2279 
-1.75552 -0.00382305 1.08122 -1.90518 0.0630436 17.1773 
-1.75558 0.00434356 1.09237 -1.89694 0.0681663 17.1729 
-1.74746 0.00609553 1.09048 -1.89716 0.0675728 17.1391 
-1.73559 -0.0264042 1.09427 -1.86135 0.0522372 17.1356 
-1.72503 -0.0250546 1.09257 -1.86405 0.0507724 17.1025 
-1.71995 0.0228604 1.07101 -1.73174 0.0377125 16.8833 
-1.69393 0.0129078 1.05087 -1.71442 0.0476963 16.8492 
-1.71621 0.0272914 1.00079 -1.65279 0.0264799 16.8367 
-1.72097 0.0207113 1.01179 -1.64368 0.0213922 16.8338 
-1.71378 -0.0102555 1.07389 -1.43977 0.0196811 16.7628 
-1.70659 -0.0412223 1.13599 -1.23586 0.0179699 16.6919 
-1.76193 -0.022347 1.12145 -1.21083 0.0290322 16.5892 
-1.73106 -0.00346552 1.12197 -1.18111 0.015959 16.5698 
-1.73892 -0.00223922 1.11808 -1.16179 0.0172875 16.5421 
-1.76143 -0.0231726 1.12255 -1.15222 0.0112847 16.5309 
-1.7579 0.0146233 1.06728 -1.13431 -0.00628782 16.4544 
-1.76255 -0.000176646 1.04599 -1.11799 0.00406963 16.4422 
-1.761 -0.00910194 1.06413 -1.05544 0.00327107 16.4187 
-1.71148 -0.0019804 1.0967 -1.03941 0.0145174 16.3883 
-1.72697 -0.00571439 1.10199 -1.03176 0.0362167 16.3681 
-1.722 -0.0200619 1.09741 -1.02416 0.0398428 16.3382 
-1.70783 -0.000895687 1.09865 -1.03979 0.045372 16.3188 
-1.71559 0.00291844 1.09893 -1.0481 0.0502436 16.2149 
-1.70725 0.00415905 1.08579 -1.03705 0.0490245 16.1857 
-1.70799 -0.00358008 1.08558 -1.0832 0.0617496 16.1355 
-1.71731 0.00678981 1.08668 -1.08407 0.0571213 16.1039 
-1.70616 -0.0168641 1.08835 -1.09732 0.0628711 16.0609 
-1.73328 -0.0620441 1.17123 -1.11758 0.0801529 15.9653 
-1.73596 -0.0606211 1.17137 -1.12039 0.0818395 15.9307 
-1.71698 -0.0576834 1.17416 -1.10879 0.081518 15.9041 
-1.70642 -0.0568636 1.18756 -1.10778 0.0794926 15.9013 
-1.72928 -0.0884975 1.2755 -1.03085 0.109411 15.6924 
-1.73147 -0.113673 1.28249 -1.03591 0.124073 15.6754 
-1.75188 -0.126959 1.3255 -1.03212 0.177989 15.628 
-1.72367 -0.108337 1.32359 -1.03864 0.20766 15.575 
-1.75628 -0.120919 1.29915 -1.10043 0.24262 15.5475 
-1.73282 -0.150253 1.39088 -1.17285 0.245844 15.4115 
-1.70935 -0.179588 1.48261 -1.24528 0.249069 15.2754 
-1.75765 -0.19349 1.44301 -1.27829 0.255233 15.156 
-1.74724 -0.193728 1.44155 -1.2802 0.254265 15.1228 
-1.75474 -0.19124 1.4398 -1.27685 0.255963 15.1078 
-1.75889 -0.187542 1.43831 -1.27838 0.269152 15.098 
-1.74824 -0.202016 1.45671 -1.28043 0.284934 15.0806 
-1.75964 -0.195393 1.46831 -1.32517 0.279279 15.0606 
-1.69892 -0.188385 1.46014 -1.33851 0.271795 14.861 
-1.70812 -0.191591 1.44735 -1.34137 0.269544 14.8553 
-1.7597 -0.215726 1.48063 -1.35185 0.28312 14.8401 
-1.7626 -0.218554 1.48794 -1.36017 0.276003 14.8294 
-1.76229 -0.212727 1.4967 -1.37306 0.28104 14.6953 
-1.76197 -0.206899 1.50545 -1.38595 0.286078 14.5611 
-1.76166 -0.201072 1.5142 -1.39884 0.291115 14.427 
-1.76135 -0.195245 1.52296 -1.41173 0.296152 14.2929 
-1.74743 -0.188927 1.51841 -1.41561 0.299849 14.2251 
-1.69645 -0.241682 1.55316 -1.41917 0.337441 14.0753 
-1.72347 -0.181438 1.4267 -1.53776 0.243502 13.9845 
-1.7505 -0.121194 1.30024 -1.65635 0.149563 13.8937 
-1.76179 -0.113584 1.32982 -1.65765 0.120216 13.8651 
-1.73319 -0.10049 1.32383 -1.61215 0.196916 13.6784 
-1.7046 -0.0873952 1.31784 -1.56666 0.273616 13.4916 
-1.68892 -0.120392 1.29655 -1.60832 0.290289 13.4588 
-1.7382 -0.0979803 1.32556 -1.66967 0.317847 13.4071 
-1.73123 -0.149769 1.34769 -1.66747 0.264621 13.2509 
-1.69685 -0.214605 1.55215 -1.70864 0.251881 13.2016 
-1.70779 -0.207841 1.5615 -1.70293 0.25466 13.1982 
-1.73555 -0.239261 1.59109 -1.66831 0.284582 13.0378 
-1.76331 -0.270681 1.62067 -1.63369 0.314504 12.8774 
-1.75148 -0.258324 1.58092 -1.69269 0.324487 12.6908 
-1.73965 -0.245966 1.54116 -1.7517 0.33447 12.5041 
-1.73628 -0.243491 1.54106 -1.76015 0.336681 12.4706 
-1.75472 -0.232243 1.54014 -1.75591 0.329092 12.4446 
-1.69408 -0.213114 1.52845 -1.71536 0.35364 12.3772 
-1.74841 -0.22392 1.50723 -1.73926 0.339292 12.2741 
-1.75481 -0.21021 1.54002 -1.80365 0.353907 12.2299 
-1.75148 -0.208706 1.53894 -1.80473 0.354814 12.213 
-1.74017 -0.205122 1.54575 -1.80328 0.360249 12.2037 
-1.70066 -0.186007 1.42188 -1.82253 0.461189 12.1087 
-1.69987 -0.190272 1.43058 -1.79922 0.462344 12.0846 
-1.71354 -0.18572 1.42737 -1.79368 0.46569 12.0536 
-1.7135 -0.177144 1.42185 -1.8013 0.472857 12.0441 
-1.7003 -0.163606 1.43272 -1.81717 0.482538 11.8366 
-1.74779 -0.147641 1.42169 -1.79804 0.494155 11.728 
-1.74566 -0.163217 1.4421 -1.78528 0.50889 11.7148 
-1.74494 -0.180811 1.42433 -1.77033 0.50004 11.6977 
-1.72425 -0.166162 1.42502 -1.82317 0.51823 11.4884 
-1.70356 -0.151514 1.42571 -1.87601 0.536421 11.279 
-1.70503 -0.168144 1.38858 -1.91067 0.560857 11.2414 
-1.72057 -0.167072 1.38613 -1.90783 0.559094 11.2347 
-1.74811 -0.117856 1.30183 -1.89271 0.481527 11.0693 
-1.72644 -0.123613 1.30595 -1.91347 0.482369 10.8622 
-1.70478 -0.12937 1.31007 -1.93423 0.48321 10.655 
-1.70354 -0.128196 1.3109 -1.93593 0.483979 10.6378 
-1.7438 -0.111499 1.32754 -1.91984 0.513498 10.5982 
-1.74069 -0.108993 1.32744 -1.9281 0.516056 10.5646 
-1.71785 -0.156996 1.36508 -1.83335 0.462391 10.5063 
-1.74663 -0.150637 1.36386 -1.81675 0.468171 10.4261 
-1.74039 -0.157607 1.36698 -1.81609 0.471668 10.4122 
-1.70549 -0.15711 1.3743 -1.83844 0.466675 10.3359 
-1.71901 -0.162327 1.37633 -1.84105 0.461283 10.3285 
-1.75429 -0.139169 1.39386 -1.81874 0.448288 10.0898 
-1.74913 -0.151496 1.39909 -1.83475 0.442982 10.0628 
-1.7221 -0.150824 1.4035 -1.84932 0.43928 10.0004 
-1.72032 -0.172249 1.39551 -1.85622 0.437769 9.97507 
-1.73523 -0.171228 1.39317 -1.85341 0.435939 9.96703 
-1.74694 -0.156128 1.37843 -1.83311 0.469367 9.87294 
-1.7404 -0.15608 1.37938 -1.83677 0.468239 9.85725 
-1.7015 -0.131968 1.33799 -1.82484 0.457814 9.82869 
-1.73921 -0.130567 1.31087 -1.71349 0.452897 9.81012 
-1.6882 -0.0626884 1.23707 -1.6245 0.513482 9.78943 
-1.7125 -0.0458119 1.21324 -1.62098 0.462098 9.57175 
-1.69805 -0.0456403 1.1321 -1.59833 0.44615 9.56431 
-1.69156 -0.0455388 1.13289 -1.60184 0.445016 9.54855 
-1.68694 -0.0428135 1.13095 -1.60857 0.447762 9.51489 
-1.70115 -0.0396515 1.11897 -1.62031 0.457211 9.46843 
-1.69576 -0.0353339 1.11398 -1.62437 0.458906 9.45385 
-1.73609 -0.0182616 1.11768 -1.59596 0.472887 9.32516 
-1.71242 -0.00195459 1.10641 -1.63166 0.490072 9.12183 
-1.68875 0.0143524 1.09514 -1.66736 0.507256 8.91851 
-1.68786 0.0121566 1.0929 -1.64681 0.505592 8.89053 
-1.6937 -0.0325348 1.10944 -1.49947 0.55753 8.70889 
-1.71162 -0.0222869 1.0849 -1.50332 0.526417 8.68187 
-1.69155 -0.00808783 1.07143 -1.48564 0.518471 8.6743 
-1.70333 -0.00852235 1.06091 -1.48406 0.512756 8.66984 
-1.7306 -0.0161292 1.09286 -1.3891 0.503492 8.66343 
-1.7268 -0.0383094 1.13626 -1.24348 0.510818 8.45426 
-1.72299 -0.0604896 1.17965 -1.09786 0.518144 8.24508 
-1.71919 -0.0826699 1.22304 -0.952248 0.525469 8.03591 
-1.71539 -0.10485 1.26644 -0.806631 0.532795 7.82673 
-1.71159 -0.12703 1.30983 -0.661014 0.54012 7.61756 
-1.70779 -0.149211 1.35322 -0.515397 0.547446 7.40838 
-1.70399 -0.171391 1.39661 -0.36978 0.554772 7.19921 
-1.70019 -0.193571 1.44001 -0.224164 0.562097 6.99003 
-1.75248 -0.182755 1.42636 -0.23928 0.512397 6.94668 
-1.75231 -0.184223 1.42931 -0.229527 0.512834 6.93259 
-1.73076 -0.184892 1.41792 -0.239772 0.50972 6.80443 
-1.70921 -0.185561 1.40652 -0.250016 0.506605 6.67627 
-1.72637 -0.128755 1.39198 -0.164321 0.470606 6.54177 
-1.71217 -0.130036 1.38793 -0.174082 0.468929 6.47427 
-1.75282 -0.169878 1.38944 -0.195243 0.454326 6.44312 
-1.71119 -0.171082 1.37696 -0.221386 0.449825 6.23997 
-1.75377 -0.150261 1.38235 -0.184313 0.467958 6.05864 
-1.72646 -0.150943 1.37409 -0.201562 0.465077 5.92309 
-1.69916 -0.151625 1.36582 -0.218812 0.462196 5.78753 
-1.75428 -0.16323 1.40006 -0.178017 0.463776 5.6119 
-1.75152 -0.163306 1.39859 -0.1793 0.463353 5.59478 
-1.71135 -0.164659 1.364 -0.242441 0.474852 5.46158 
-1.73203 -0.151421 1.37479 -0.226306 0.477635 5.31659 
-1.75271 -0.138183 1.38559 -0.210171 0.480417 5.1716 
-1.74797 -0.1404 1.37176 -0.22106 0.472191 4.99823 
-1.74322 -0.142616 1.35793 -0.231948 0.463964 4.82486 
-1.73848 -0.144832 1.3441 -0.242837 0.455738 4.6515 
-1.73374 -0.147049 1.33028 -0.253725 0.447512 4.47813 
-1.73572 -0.127925 1.29238 -0.281318 0.464326 4.2615 
-1.73771 -0.108802 1.25448 -0.30891 0.48114 4.04487 
-1.7397 -0.0896784 1.21658 -0.336503 0.497954 3.82824 
-1.74168 -0.0705549 1.17868 -0.364095 0.514768 3.61161 
-1.74367 -0.0514315 1.14078 -0.391687 0.531582 3.39498 
-1.74566 -0.032308 1.10288 -0.41928 0.548396 3.17835 
-1.74764 -0.0131845 1.06499 -0.446872 0.56521 2.96172 
-1.74553 -0.00364277 1.04209 -0.454068 0.583813 2.75627 
-1.74342 0.00589901 1.0192 -0.461265 0.602416 2.55081 
-1.73722 0.00585908 1.01131 -0.448064 0.622809 2.35654 
-1.73102 0.00581916 1.00343 -0.434864 0.643201 2.16226 
-1.72481 0.00577924 0.995539 -0.421664 0.663593 1.96798 
-1.71861 0.00573932 0.987652 -0.408464 0.683986 1.77371 
-1.7124 0.0056994 0.979765 -0.395264 0.704378 1.57943 
-1.7062 0.00565948 0.971878 -0.382063 0.72477 1.38515 
-1.70327 0.0155273 0.969406 -0.356354 0.730963 1.25651 
-1.70033 0.025395 0.966935 -0.330645 0.737156 1.12787 
-1.70159 0.0374923 0.942061 -0.289315 0.741005 0.986889 
-1.70286 0.0495895 0.917187 -0.247984 0.744853 0.845905 
-1.70412 0.0616868 0.892314 -0.206653 0.748702 0.704921 
-1.70538 0.073784 0.86744 -0.165323 0.75255 0.563937 
-1.70664 0.0858813 0.842566 -0.123992 0.756399 0.422953 
-1.7079 0.0979785 0.817692 -0.0826613 0.760248 0.281968 
-1.70916 0.110076 0.792819 -0.0413307 0.764096 0.140984 
-1.71042 0.122173 0.767945 0 0.767945 0 
-1.70916 0.110076 0.792819 -0.0413307 0.764096 0.140984 
-1.7079 0.0979785 0.817692 -0.0826613 0.760248 0.281968 
-1.70664 0.0858813 0.842566 -0.123992 0.756399 0.422953 
-1.70538 0.073784 0.86744 -0.165323 0.75255 0.563937 
-1.70412 0.0616868 0.892314 -0.206653 0.748702 0.704921 
-1.70286 0.0495895 0.917187 -0.247984 0.744853 0.845905 
-1.70159 0.0374923 0.942061 -0.289315 0.741005 0.986889 
-1.70033 0.025395 0.966935 -0.330645 0.737156 1.12787 
-1.70327 0.0155273 0.969406 -0.356354 0.730963 1.25651 
-1.7062 0.00565948 0.971878 -0.382063 0.72477 1.38515 
-1.7124 0.0056994 0.979765 -0.395264 0.704378 1.57943 
-1.71861 0.00573932 0.987652 -0.408464 0.683986 1.77371 
-1.72481 0.00577924 0.995539 -0.421664 0.663593 1.96798 
-1.73102 0.00581916 1.00343 -0.434864 0.643201 2.16226 
-1.73722 0.00585908 1.01131 -0.448064 0.622809 2.35654 
-1.74342 0.00589901 1.0192 -0.461265 0.602416 2.55081 
-1.74553 -0.00364277 1.04209 -0.454068 0.583813 2.75627 
-1.74764 -0.0131845 1.06499 -0.446872 0.56521 2.96172 
-1.74566 -0.032308 1.10288 -0.41928 0.548396 3.17835 
-1.74367 -0.0514315 1.14078 -0.391687 0.531582 3.39498 
-1.74168 -0.0705549 1.17868 -0.364095 0.514768 3.61161 
-1.7397 -0.0896784 1.21658 -0.336503 0.497954 3.82824 
-1.73771 -0.108802 1.25448 -0.30891 0.48114 4.04487 
-1.73572 -0.127925 1.29238 -0.281318 0.464326 4.2615 
-1.73374 -0.147049 1.33028 -0.253725 0.447512 4.47813 
-1.73848 -0.144832 1.3441 -0.242837 0.455738 4.6515 
-1.74322 -0.142616 1.35793 -0.231948 0.463964 4.82486 
-1.74797 -0.1404 1.37176 -0.22106 0.472191 4.99823 
-1.75271 -0.138183 1.38559 -0.210171 0.480417 5.1716 
-1.73203 -0.151421 1.37479 -0.226306 0.477635 5.31659 
-1.71135 -0.164659 1.364 -0.242441 0.474852 5.46158 
-1.75152 -0.163306 1.39859 -0.1793 0.463353 5.59478 
-1.75428 -0.16323 1.40006 -0.178017 0.463776 5.6119 
-1.69916 -0.151625 1.36582 -0.218812 0.462196 5.78753 
-1.72646 -0.150943 1.37409 -0.201562 0.465077 5.92309 
-1.75377 -0.150261 1.38235 -0.184313 0.467958 6.05864 
-1.71119 -0.171082 1.37696 -0.221386 0.449825 6.23997 
-1.75282 -0.169878 1.38944 -0.195243 0.454326 6.44312 
-1.71217 -0.130036 1.38793 -0.174082 0.468929 6.47427 
-1.72637 -0.128755 1.39198 -0.164321 0.470606 6.54177 
-1.70921 -0.185561 1.40652 -0.250016 0.506605 6.67627 
-1.73076 -0.184892 1.41792 -0.239772 0.50972 6.80443 
-1.75231 -0.184223 1.42931 -0.229527 0.512834 6.93259 
-1.75248 -0.182755 1.42636 -0.23928 0.512397 6.94668 
-1.70019 -0.193571 1.44001 -0.224164 0.562097 6.99003 
-1.70399 -0.171391 1.39661 -0.36978 0.554772 7.19921 
-1.70779 -0.149211 1.35322 -0.515397 0.547446 7.40838 
-1.71159 -0.12703 1.30983 -0.661014 0.54012 7.61756 
-1.71539 -0.10485 1.26644 -0.806631 0.532795 7.82673 
-1.71919 -0.0826699 1.22304 -0.952248 0.525469 8.03591 
-1.72299 -0.0604896 1.17965 -1.09786 0.518144 8.24508 
-1.7268 -0.0383094 1.13626 -1.24348 0.510818 8.45426 
-1.7306 -0.0161292 1.09286 -1.3891 0.503492 8.66343 
-1.70333 -0.00852235 1.06091 -1.48406 0.512756 8.66984 
-1.69155 -0.00808783 1.07143 -1.48564 0.518471 8.6743 
-1.71162 -0.0222869 1.0849 -1.50332 0.526417 8.68187 
-1.6937 -0.0325348 1.10944 -1.49947 0.55753 8.70889 
-1.68786 0.0121566 1.0929 -1.64681 0.505592 8.89053 
-1.68875 0.0143524 1.09514 -1.66736 0.507256 8.91851 
-1.71242 -0.00195459 1.10641 -1.63166 0.490072 9.12183 
-1.73609 -0.0182616 1.11768 -1.59596 0.472887 9.32516 
-1.69576 -0.0353339 1.11398 -1.62437 0.458906 9.45385 
-1.70115 -0.0396515 1.11897 -1.62031 0.457211 9.46843 
-1.68694 -0.0428135 1.13095 -1.60857 0.447762 9.51489 
-1.69156 -0.0455388 1.13289 -1.60184 0.445016 9.54855 
-1.69805 -0.0456403 1.1321 -1.59833 0.44615 9.56431 
-1.7125 -0.0458119 1.21324 -1.62098 0.462098 9.57175 
-1.6882 -0.0626884 1.23707 -1.6245 0.513482 9.78943 
-1.73921 -0.130567 1.31087 -1.71349 0.452897 9.81012 
-1.7015 -0.131968 1.33799 -1.82484 0.457814 9.82869 
-1.7404 -0.15608 1.37938 -1.83677 0.468239 9.85725 
-1.74694 -0.156128 1.37843 -1.83311 0.469367 9.87294 
-1.73523 -0.171228 1.39317 -1.85341 0.435939 9.96703 
-1.72032 -0.172249 1.39551 -1.85622 0.437769 9.97507 
-1.7221 -0.150824 1.4035 -1.84932 0.43928 10.0004 
-1.74913 -0.151496 1.39909 -1.83475 0.442982 10.0628 
-1.75429 -0.139169 1.39386 -1.81874 0.448288 10.0898 
-1.71901 -0.162327 1.37633 -1.84105 0.461283 10.3285 
-1.70549 -0.15711 1.3743 -1.83844 0.466675 10.3359 
-1.74039 -0.157607 1.36698 -1.81609 0.471668 10.4122 
-1.74663 -0.150637 1.36386 -1.81675 0.468171 10.4261 
-1.71785 -0.156996 1.36508 -1.83335 0.462391 10.5063 
-1.74069 -0.108993 1.32744 -1.9281 0.516056 10.5646 
-1.7438 -0.111499 1.32754 -1.91984 0.513498 10.5982 
-1.70354 -0.128196 1.3109 -1.93593 0.483979 10.6378 
-1.70478 -0.12937 1.31007 -1.93423 0.48321 10.655 
-1.72644 -0.123613 1.30595 -1.91347 0.482369 10.8622 
-1.74811 -0.117856 1.30183 -1.89271 0.481527 11.0693 
-1.72057 -0.167072 1.38613 -1.90783 0.559094 11.2347 
-1.70503 -0.168144 1.38858 -1.91067 0.560857 11.2414 
-1.70356 -0.151514 1.42571 -1.87601 0.536421 11.279 
-1.72425 -0.166162 1.42502 -1.82317 0.51823 11.4884 
-1.74494 -0.180811 1.42433 -1.77033 0.50004 11.6977 
-1.74566 -0.163217 1.4421 -1.78528 0.50889 11.7148 
-1.74779 -0.147641 1.42169 -1.79804 0.494155 11.728 
-1.7003 -0.163606 1.43272 -1.81717 0.482538 11.8366 
-1.7135 -0.177144 1.42185 -1.8013 0.472857 12.0441 
-1.71354 -0.18572 1.42737 -1.79368 0.46569 12.0536 
-1.69987 -0.190272 1.43058 -1.79922 0.462344 12.0846 
-1.70066 -0.186007 1.42188 -1.82253 0.461189 12.1087 
-1.74017 -0.205122 1.54575 -1.80328 0.360249 12.2037 
-1.75148 -0.208706 1.53894 -1.80473 0.354814 12.213 
-1.75481 -0.21021 1.54002 -1.80365 0.353907 12.2299 
-1.74841 -0.22392 1.50723 -1.73926 0.339292 12.2741 
-1.69408 -0.213114 1.52845 -1.71536 0.35364 12.3772 
-1.75472 -0.232243 1.54014 -1.75591 0.329092 12.4446 
-1.73628 -0.243491 1.54106 -1.76015 0.336681 12.4706 
-1.73965 -0.245966 1.54116 -1.7517 0.33447 12.5041 
-1.75148 -0.258324 1.58092 -1.69269 0.324487 12.6908 
-1.76331 -0.270681 1.62067 -1.63369 0.314504 12.8774 
-1.73555 -0.239261 1.59109 -1.66831 0.284582 13.0378 
-1.70779 -0.207841 1.5615 -1.70293 0.25466 13.1982 
-1.69685 -0.214605 1.55215 -1.70864 0.251881 13.2016 
-1.73123 -0.149769 1.34769 -1.66747 0.264621 13.2509 
-1.7382 -0.0979803 1.32556 -1.66967 0.317847 13.4071 
-1.68892 -0.120392 1.29655 -1.60832 0.290289 13.4588 
-1.7046 -0.0873952 1.31784 -1.56666 0.273616 13.4916 
-1.73319 -0.10049 1.32383 -1.61215 0.196916 13.6784 
-1.76179 -0.113584 1.32982 -1.65765 0.120216 13.8651 
-1.7505 -0.121194 1.30024 -1.65635 0.149563 13.8937 
-1.72347 -0.181438 1.4267 -1.53776 0.243502 13.9845 
-1.69645 -0.241682 1.55316 -1.41917 0.337441 14.0753 
-1.74743 -0.188927 1.51841 -1.41561 0.299849 14.2251 
-1.76135 -0.195245 1.52296 -1.41173 0.296152 14.2929 
-1.76166 -0.201072 1.5142 -1.39884 0.291115 14.427 
-1.76197 -0.206899 1.50545 -1.38595 0.286078 14.5611 
-1.76229 -0.212727 1.4967 -1.37306 0.28104 14.6953 
-1.7626 -0.218554 1.48794 -1.36017 0.276003 14.8294 
-1.7597 -0.215726 1.48063 -1.35185 0.28312 14.8401 
-1.70812 -0.191591 1.44735 -1.34137 0.269544 14.8553 
-1.69892 -0.188385 1.46014 -1.33851 0.271795 14.861 
-1.75964 -0.195393 1.46831 -1.32517 0.279279 15.0606 
-1.74824 -0.202016 1.45671 -1.28043 0.284934 15.0806 
-1.75889 -0.187542 1.43831 -1.27838 0.269152 15.098 
-1.75474 -0.19124 1.4398 -1.27685 0.255963 15.1078 
-1.74724 -0.193728 1.44155 -1.2802 0.254265 15.1228 
-1.75765 -0.19349 1.44301 -1.27829 0.255233 15.156 
-1.70935 -0.179588 1.48261 -1.24528 0.249069 15.2754 
-1.73282 -0.150253 1.39088 -1.17285 0.245844 15.4115 
-1.75628 -0.120919 1.29915 -1.10043 0.24262 15.5475 
-1.72367 -0.108337 1.32359 -1.03864 0.20766 15.575 
-1.75188 -0.126959 1.3255 -1.03212 0.177989 15.628 
-1.73147 -0.113673 1.28249 -1.03591 0.124073 15.6754 
-1.72928 -0.0884975 1.2755 -1.03085 0.109411 15.6924 
-1.70642 -0.0568636 1.18756 -1.10778 0.0794926 15.9013 
-1.71698 -0.0576834 1.17416 -1.10879 0.081518 15.9041 
-1.73596 -0.0606211 1.17137 -1.12039 0.0818395 15.9307 
-1.73328 -0.0620441 1.17123 -1.11758 0.0801529 15.9653 
-1.70616 -0.0168641 1.08835 -1.09732 0.0628711 16.0609 
-1.71731 0.00678981 1.08668 -1.08407 0.0571213 16.1039 
-1.70799 -0.00358008 1.08558 -1.0832 0.0617496 16.1355 
-1.70725 0.00415905 1.08579 -1.03705 0.0490245 16.1857 
-1.71559 0.00291844 1.09893 -1.0481 0.0502436 16.2149 
-1.70783 -0.000895687 1.09865 -1.03979 0.045372 16.3188 
-1.722 -0.0200619 1.09741 -1.02416 0.0398428 16.3382 
-1.72697 -0.00571439 1.10199 -1.03176 0.0362167 16.3681 
-1.71148 -0.0019804 1.0967 -1.03941 0.0145174 16.3883 
-1.761 -0.00910194 1.06413 -1.05544 0.00327107 16.4187 
-1.76255 -0.000176646 1.04599 -1.11799 0.00406963 16.4422 
-1.7579 0.0146233 1.06728 -1.13431 -0.00628782 16.4544 
-1.76143 -0.0231726 1.12255 -1.15222 0.0112847 16.5309 
-1.73892 -0.00223922 1.11808 -1.16179 0.0172875 16.5421 
-1.73106 -0.00346552 1.12197 -1.18111 0.015959 16.5698 
-1.76193 -0.022347 1.12145 -1.21083 0.0290322 16.5892 
-1.70659 -0.0412223 1.13599 -1.23586 0.0179699 16.6919 
-1.71378 -0.0102555 1.07389 -1.43977 0.0196811 16.7628 
-1.72097 0.0207113 1.01179 -1.64368 0.0213922 16.8338 
-1.71621 0.0272914 1.00079 -1.65279 0.0264799 16.8367 
-1.69393 0.0129078 1.05087 -1.71442 0.0476963 16.8492 
-1.71995 0.0228604 1.07101 -1.73174 0.0377125 16.8833 
-1.72503 -0.0250546 1.09257 -1.86405 0.0507724 17.1025 
-1.73559 -0.0264042 1.09427 -1.86135 0.0522372 17.1356 
-1.74746 0.00609553 1.09048 -1.89716 0.0675728 17.1391 
-1.75558 0.00434356 1.09237 -1.89694 0.0681663 17.1729 
-1.75552 -0.00382305 1.08122 -1.90518 0.0630436 17.1773 
-1.75175 -0.0152127 1.07645 -1.90752 0.0599017 17.2279 
-1.72755 -0.0231997 1.08848 -1.98496 0.0460342 17.3398 
-1.73075 -0.00199295 1.0913 -1.97688 0.0401025 17.3653 
-1.73704 -0.0255479 1.15647 -2.00769 -0.0717236 17.4756 
-1.74293 -0.0458616 1.13855 -2.00104 -0.0751898 17.4954 
-1.72254 -0.0486077 1.14224 -2.00684 -0.077631 17.5227 
-1.72928 -0.0266691 1.09901 -2.13787 -0.0748141 17.5567 
-1.73602 -0.00473054 1.05578 -2.2689 -0.0719973 17.5908 
-1.74277 0.0172081 1.01255 -2.39993 -0.0691805 17.6249 
-1.74951 0.0391467 0.969319 -2.53096 -0.0663636 17.6589 
-1.70842 0.0333844 0.977206 -2.54128 -0.0713028 17.7133 
-1.75611 0.0947272 0.923442 -2.53846 -0.0369224 17.834 
-1.73058 0.082522 0.937966 -2.62542 -0.0520665 17.96 
-1.70505 0.0703168 0.95249 -2.71239 -0.0672106 18.0859 
-1.71817 0.0744508 0.960788 -2.71661 -0.0723865 18.0874 
-1.75494 0.000832611 1.01727 -2.88771 -0.149591 18.1666 
-1.76187 0.00245048 1.01781 -2.89017 -0.15278 18.182 
-1.7657 -0.00124488 1.02518 -2.89338 -0.150488 18.1964 
-1.73522 -0.015016 1.04186 -2.99436 -0.167778 18.3437 
-1.70473 -0.0287872 1.05855 -3.09533 -0.185068 18.491 
-1.7042 -0.0155665 1.03954 -3.20777 -0.239911 18.5369 
-1.70366 -0.00234575 1.02052 -3.32021 -0.294753 18.5828 
-1.70313 0.010875 1.00151 -3.43265 -0.349596 18.6287 
-1.7026 0.0240957 0.982501 -3.54509 -0.404439 18.6747 
-1.70739 0.00957403 0.988133 -3.55012 -0.408139 18.6747 
-1.75787 -0.00596404 0.999818 -3.54366 -0.40041 18.8948 
-1.75314 -0.00630769 1.00137 -3.55294 -0.400679 18.9087 
-1.69484 0.02839 0.928128 -3.52562 -0.362326 19.0658 
-1.70907 0.0248616 0.929751 -3.52543 -0.363188 19.1161 
-1.75255 0.0580845 0.932754 -3.54348 -0.37298 19.1541 
-1.74708 0.0149794 0.942557 -3.54543 -0.400235 19.2004 
-1.73325 0.0123884 0.944473 -3.54605 -0.39558 19.2094 
-1.69994 0.0208974 0.953012 -3.5516 -0.428089 19.2597 
-1.75867 0.0214699 0.961819 -3.55641 -0.416602 19.4964 
-1.76302 0.0271232 0.952814 -3.55151 -0.424214 19.5059 
-1.70749 0.0248498 0.973841 -3.65527 -0.426282 19.6561 
-1.72935 0.0117536 0.956409 -3.66882 -0.431863 19.6632 
-1.76246 0.0226221 0.942899 -3.65994 -0.420008 19.7203 
-1.7074 0.0148868 0.953408 -3.66979 -0.425477 19.7858 
-1.72723 0.00544284 0.961099 -3.65916 -0.429079 19.8691 
-1.71194 0.00863802 0.959783 -3.65578 -0.432441 19.8751 
-1.70597 0.00799759 0.959953 -3.66369 -0.433442 19.8895 
-1.72627 -0.00500901 1.01846 -3.67227 -0.386313 20.0043 
-1.75591 -0.00465979 1.0227 -3.67446 -0.380576 20.1226 
-1.75806 0.0325958 0.988644 -3.68088 -0.383364 20.1934 
-1.73276 0.0208518 1.00284 -3.75999 -0.396316 20.3034 
-1.70746 0.00910778 1.01703 -3.8391 -0.409267 20.4133 
-1.72936 0.067928 0.966918 -3.89924 -0.390449 20.4367 
-1.74902 0.062034 0.967692 -3.91796 -0.382213 20.4561 
-1.74911 0.10086 0.864803 -3.95349 -0.377678 20.5868 
-1.71557 0.0714679 0.874297 -3.96731 -0.374348 20.718 
-1.70451 0.0811091 0.875443 -3.97431 -0.377415 20.7235 
-1.71319 0.11056 0.816459 -3.95581 -0.332057 20.7516 
-1.72274 0.148852 0.809445 -3.96002 -0.351237 20.8053 
-1.74863 0.110205 0.814949 -3.92992 -0.3137 20.861 
-1.69628 0.108426 0.823428 -4.00738 -0.299012 20.9861 
-1.74412 0.118962 0.808354 -4.00732 -0.305738 21.033 
-1.7073 0.111864 0.817484 -4.05973 -0.311898 21.1148 
-1.7022 0.117843 0.822342 -4.04062 -0.313138 21.1425 
-1.72039 0.214456 0.715087 -4.06236 -0.356071 21.177 
-1.73814 0.209191 0.698478 -4.05742 -0.371693 21.1952 
-1.73162 0.21257 0.689048 -4.04862 -0.375042 21.2038 
-1.73322 0.225031 0.692095 -4.04321 -0.370398 21.2131 
-1.73972 0.229521 0.688045 -4.04313 -0.377841 21.2261 
-1.73469 0.227163 0.676662 -4.04402 -0.378863 21.2381 
-1.68953 0.226145 0.623343 -3.98863 -0.336004 21.3819 
-1.73667 0.230924 0.633208 -3.98886 -0.34587 21.4936 
-1.73807 0.228049 0.63807 -3.9819 -0.35403 21.5061 
-1.63387 0.212005 0.660376 -3.99847 -0.364998 21.6186 
-1.62734 0.21051 0.661531 -4.00708 -0.365905 21.6322 
-1.67697 0.197718 0.667916 -4.0051 -0.368965 21.7988 
-1.67075 0.196481 0.669541 -4.014 -0.369979 21.8123 
-1.66161 0.204591 0.672574 -4.01575 -0.371292 21.8242 
-1.65852 0.213415 0.672611 -4.01168 -0.367551 21.8379 
-1.69751 0.200881 0.682499 -4.00533 -0.361707 21.998 
-1.73651 0.188347 0.692387 -3.99897 -0.355863 22.1581 
-1.67252 0.176563 0.709195 -4.08827 -0.365823 22.2918 
-1.72535 0.212394 0.712497 -4.11038 -0.361204 22.3085 
-1.72732 0.214688 0.714024 -4.10759 -0.360889 22.3254 
-1.73643 0.210534 0.71756 -4.10354 -0.362657 22.3583 
-1.67538 0.22975 0.678183 -4.02921 -0.410299 22.4643 
-1.70503 0.166564 0.701926 -3.9986 -0.450179 22.5717 
-1.73154 0.176058 0.726661 -3.98911 -0.446039 22.6297 
-1.73568 0.174732 0.727701 -3.98844 -0.445393 22.6465 
-1.7016 0.190272 0.743757 -3.97225 -0.447269 22.6751 
-1.70054 0.193603 0.74723 -3.97491 -0.449214 22.6915 
-1.6941 0.192811 0.747528 -3.98325 -0.450286 22.7053 
-1.69419 0.19317 0.747786 -3.98235 -0.441571 22.7204 
-1.68049 0.163677 0.721291 -3.99144 -0.433797 22.7494 
-1.71641 0.128489 0.76171 -3.97076 -0.417978 22.8498 
-1.692 0.136199 0.766953 -3.97298 -0.423199 22.8723 
-1.69324 0.142816 0.783552 -3.97411 -0.438462 22.898 
-1.71644 0.146287 0.772491 -3.79682 -0.419091 23.0757 
-1.73964 0.149757 0.76143 -3.61954 -0.39972 23.2534 
-1.76284 0.153227 0.750369 -3.44225 -0.380349 23.431 
-1.78604 0.156698 0.739308 -3.26496 -0.360978 23.6087 
-1.71295 0.177544 0.802949 -3.16118 -0.263176 23.6905 
-1.6919 0.170479 0.806447 -3.18919 -0.265858 23.7286 
-1.68867 0.111342 0.791402 -3.22871 -0.311275 23.9196 
-1.69571 0.101667 0.803721 -3.23764 -0.305654 23.9679 
-1.69042 0.111434 0.814987 -3.23356 -0.300305 23.9983 
-1.78257 0.088948 0.83476 -3.18656 -0.289328 24.2174 
-1.78359 0.094377 0.841146 -3.18741 -0.28443 24.2318 
-1.77059 0.0882526 0.838616 -3.1793 -0.2875 24.2623 
-1.78504 0.0926556 0.830277 -3.05509 -0.275817 24.3832 
-1.7801 0.0948421 0.831286 -3.04457 -0.279671 24.3954 
-1.72689 0.101087 0.819171 -3.05006 -0.255812 24.4308 
-1.69633 0.108173 0.81349 -3.05307 -0.246781 24.4414 
-1.70866 0.133677 0.81817 -2.91902 -0.31072 24.5733 
-1.72098 0.159182 0.822849 -2.78497 -0.374659 24.7052 
-1.78376 0.077001 0.839564 -2.7555 -0.417656 24.7404 
-1.77956 0.074564 0.829975 -2.74735 -0.41971 24.7512 
-1.77772 0.0729647 0.829444 -2.73361 -0.420682 24.7617 
-1.67547 0.108518 0.797779 -2.71775 -0.409429 24.9775 
-1.77547 0.135367 0.781326 -2.74243 -0.434961 25.0626 
-1.67892 0.129457 0.768285 -2.84088 -0.444064 25.2194 
-1.67496 0.111315 0.805889 -2.85853 -0.391085 25.2717 
-1.69007 0.113762 0.799357 -2.74874 -0.378609 25.3758 
-1.70519 0.11621 0.792826 -2.63895 -0.366134 25.4799 
-1.7203 0.118657 0.786294 -2.52916 -0.353658 25.584 
-1.73541 0.121104 0.779763 -2.41937 -0.341182 25.6881 
-1.74843 0.156686 0.804192 -2.43571 -0.357382 25.7362 
-1.69725 0.131153 0.757124 -2.40074 -0.368985 25.8261 
-1.74669 0.139638 0.753558 -2.48106 -0.385673 26.0315 
-1.79613 0.148124 0.749991 -2.56138 -0.402362 26.237 
-1.79436 0.191649 0.645296 -2.53066 -0.387964 26.2673 
-1.80276 0.189236 0.645473 -2.52596 -0.389164 26.3007 
-1.8251 0.199829 0.657654 -2.54386 -0.396892 26.3408 
-1.80672 0.190052 0.659589 -2.51631 -0.405515 26.5205 
-1.78834 0.180274 0.661524 -2.48876 -0.414137 26.7003 
-1.81306 0.256732 0.656053 -2.46149 -0.357049 26.7221 
-1.77417 0.281839 0.640487 -2.46025 -0.366951 26.771 
-1.75931 0.268028 0.636997 -2.35051 -0.375027 26.8469 
-1.74446 0.254216 0.633506 -2.24076 -0.383104 26.9228 
-1.7296 0.240405 0.630016 -2.13101 -0.391181 26.9987 
-1.71474 0.226593 0.626525 -2.02127 -0.399258 27.0746 
-1.74792 0.223819 0.628653 -2.01934 -0.399513 27.0847 
-1.79156 0.190161 0.728074 -2.03024 -0.383832 27.2158 
-1.73296 0.199318 0.737206 -1.99527 -0.354853 27.2599 
-1.73046 0.209423 0.70103 -1.9317 -0.331563 27.4163 
-1.72796 0.219528 0.664854 -1.86814 -0.308273 27.5728 
-1.76693 0.219466 0.671603 -1.87601 -0.301039 27.7062 
-1.8059 0.219404 0.678353 -1.88388 -0.293806 27.8397 
-1.8081 0.219669 0.669769 -1.89057 -0.299549 27.8519 
-1.79855 0.217419 0.669764 -1.89833 -0.296977 27.8638 
-1.73121 0.248813 0.670628 -1.88757 -0.296094 27.9602 
-1.74385 0.266204 0.595156 -1.94298 -0.275676 27.9965 
-1.73597 0.284809 0.567903 -1.9454 -0.272296 28.0036 
-1.7357 0.364459 0.557179 -2.00021 -0.25808 28.0397 
-1.6945 0.354197 0.533165 -2.00873 -0.241165 28.0416 
-1.66858 0.396323 0.506393 -1.99444 -0.133658 28.0425 
-1.73881 0.483588 0.391089 -1.95979 -0.113583 28.0358 
-1.80905 0.570854 0.275785 -1.92513 -0.0935083 28.0292 
-1.79867 0.566008 0.243209 -1.92082 -0.0924681 28.0266 
-1.82247 0.616609 0.213229 -1.91179 -0.116414 28.0127 
-1.76975 0.636232 0.126519 -1.91063 -0.101577 28.0049 
-1.80009 0.701574 0.110275 -1.86852 -0.013839 28.0042 
-1.77453 0.768712 0.0784808 -1.87937 0.0225158 28.0021 
-1.75634 0.80506 0.0102082 -1.90504 0.0478697 28.0025 
-1.75293 0.817564 0.0016875 -1.90115 0.0540479 28.0058 
-1.84086 0.757848 -0.119543 -1.93783 0.151343 28.0131 
-1.86869 0.780838 -0.173981 -1.92044 0.16698 28.0054 
-1.91181 0.852305 -0.310319 -1.87878 0.160744 28.0181 
-1.95494 0.923772 -0.446658 -1.83712 0.154508 28.0308 
-1.99807 0.995239 -0.582997 -1.79547 0.148271 28.0435 
-2.0412 1.06671 -0.719336 -1.75381 0.142035 28.0562 
-2.05438 1.07026 -0.728935 -1.75408 0.136945 28.0564 
-2.09197 1.01822 -0.841042 -1.79273 0.128188 28.0504 
-2.12956 0.96618 -0.953149 -1.83138 0.119431 28.0443 
-2.16715 0.914139 -1.06526 -1.87003 0.110673 28.0383 
-2.20474 0.862098 -1.17736 -1.90868 0.101916 28.0322 
-2.15575 0.796351 -1.03976 -1.89979 0.0728501 28.1258 
-2.10676 0.730604 -0.902162 -1.89089 0.0437842 28.2193 
-2.05776 0.664857 -0.764562 -1.882 0.0147182 28.3129 
-2.00877 0.599109 -0.626962 -1.8731 -0.0143477 28.4064 
-1.95977 0.533362 -0.489362 -1.86421 -0.0434137 28.5 
-1.91078 0.467615 -0.351762 -1.85531 -0.0724796 28.5935 
-1.86178 0.401867 -0.214162 -1.84642 -0.101546 28.687 
-1.81279 0.33612 -0.0765618 -1.83752 -0.130612 28.7806 
-1.7638 0.270373 0.0610381 -1.82863 -0.159677 28.8741 
-1.7148 0.204625 0.198638 -1.81973 -0.188743 28.9677 
-1.66581 0.138878 0.336238 -1.81084 -0.217809 29.0612 
-1.61681 0.0731305 0.473838 -1.80194 -0.246875 29.1548 
-1.56782 0.00738322 0.611438 -1.79305 -0.275941 29.2483 
-1.51882 -0.0583641 0.749038 -1.78415 -0.305007 29.3419 
-1.46983 -0.124111 0.886638 -1.77526 -0.334073 29.4354 
-1.42084 -0.189859 1.02424 -1.76636 -0.363139 29.5289 
-1.40837 -0.19616 1.02263 -1.77571 -0.358888 29.5277 
-1.31701 -0.267177 1.00312 -1.8394 -0.322705 29.5924 
-1.22565 -0.338194 0.983614 -1.90308 -0.286523 29.6571 
-1.13429 -0.409211 0.964105 -1.96677 -0.250341 29.7218 
-1.04293 -0.480228 0.944595 -2.03045 -0.214159 29.7865 
-0.951567 -0.551245 0.925086 -2.09414 -0.177976 29.8512 
-0.860205 -0.622262 0.905576 -2.15783 -0.141794 29.9159 
-0.768844 -0.69328 0.886067 -2.22151 -0.105612 29.9806 
-0.677482 -0.764297 0.866558 -2.2852 -0.0694293 30.0453 
-0.586121 -0.835314 0.847048 -2.34888 -0.033247 30.11 
-0.494759 -0.906331 0.827539 -2.41257 0.0029353 30.1747 
-0.403397 -0.977348 0.80803 -2.47626 0.0391176 30.2394 
-0.312036 -1.04837 0.78852 -2.53994 0.0752999 30.3041 
-0.220674 -1.11938 0.769011 -2.60363 0.111482 30.3688 
-0.129313 -1.1904 0.749501 -2.66731 0.147665 30.4335 
-0.0379512 -1.26142 0.729992 -2.731 0.183847 30.4982 
0.0534104 -1.33243 0.710483 -2.79469 0.220029 30.5629 
0.144772 -1.40345 0.690973 -2.85837 0.256211 30.6276 
0.236133 -1.47447 0.671464 -2.92206 0.292394 30.6923 
0.327495 -1.54549 0.651955 -2.98574 0.328576 30.757 
0.418857 -1.6165 0.632445 -3.04943 0.364758 30.8217 
0.510218 -1.68752 0.612936 -3.11312 0.400941 30.8864 
0.60158 -1.75854 0.593426 -3.1768 0.437123 30.9511 
0.692941 -1.82955 0.573917 -3.24049 0.473305 31.0158 
0.784303 -1.90057 0.554408 -3.30417 0.509488 31.0805 
0.875664 -1.97159 0.534898 -3.36786 0.54567 31.1452 
0.967026 -2.04261 0.515389 -3.43155 0.581852 31.2099 
1.05839 -2.11362 0.495879 -3.49523 0.618034 31.2746 
1.14975 -2.18464 0.47637 -3.55892 0.654217 31.3393 
1.24111 -2.25566 0.456861 -3.6226 0.690399 31.404 
1.33247 -2.32667 0.437351 -3.68629 0.726581 31.4687 
1.42383 -2.39769 0.417842 -3.74998 0.762764 31.5334 
1.5152 -2.46871 0.398333 -3.81366 0.798946 31.5981 
1.5113 -2.46914 0.395981 -3.81789 0.815226 31.5972 
1.48557 -2.40831 0.25182 -3.81866 1.01159 31.5787 
1.45984 -2.34748 0.107659 -3.81943 1.20795 31.5602 
1.4341 -2.28665 -0.0365022 -3.82021 1.40431 31.5417 
1.40837 -2.22582 -0.180663 -3.82098 1.60068 31.5232 
1.42002 -2.24463 -0.233016 -3.83668 1.57015 31.3748 
1.43167 -2.26343 -0.285369 -3.85238 1.53962 31.2265 
1.44332 -2.28223 -0.337721 -3.86808 1.50909 31.0781 
1.45497 -2.30104 -0.390074 -3.88377 1.47856 30.9298 
1.46661 -2.31984 -0.442426 -3.89947 1.44803 30.7814 
1.47826 -2.33864 -0.494779 -3.91517 1.4175 30.6331 
1.48991 -2.35745 -0.547131 -3.93087 1.38697 30.4847 
1.50156 -2.37625 -0.599484 -3.94656 1.35644 30.3364 
1.51321 -2.39505 -0.651837 -3.96226 1.32592 30.188 
1.52485 -2.41386 -0.704189 -3.97796 1.29539 30.0397 
1.5365 -2.43266 -0.756542 -3.99366 1.26486 29.8913 
1.54815 -2.45146 -0.808894 -4.00936 1.23433 29.7429 
1.5598 -2.47027 -0.861247 -4.02505 1.2038 29.5946 
1.57145 -2.48907 -0.913599 -4.04075 1.17327 29.4462 
1.5831 -2.50787 -0.965952 -4.05645 1.14274 29.2979 
1.59474 -2.52668 -1.0183 -4.07215 1.11221 29.1495 
1.4948 -2.533 -1.05265 -4.25584 1.08722 29.1046 
1.39485 -2.53933 -1.087 -4.43953 1.06222 29.0597 
1.2949 -2.54566 -1.12135 -4.62322 1.03722 29.0147 
1.19495 -2.55199 -1.1557 -4.80691 1.01223 28.9698 
1.17703 -2.56065 -1.15367 -4.81884 1.0136 28.9438 
1.17552 -2.69618 -1.1049 -4.84796 0.993911 28.939 
1.17401 -2.83172 -1.05613 -4.87707 0.974223 28.9343 
1.17395 -2.83451 -1.04759 -4.87378 0.974945 28.9197 
1.17017 -2.79552 -1.05002 -4.97481 1.00688 28.7395 
1.16638 -2.75653 -1.05245 -5.07584 1.03882 28.5592 
1.1626 -2.71755 -1.05487 -5.17686 1.07076 28.379 
1.15881 -2.67856 -1.0573 -5.27789 1.1027 28.1988 
1.15503 -2.63958 -1.05972 -5.37892 1.13464 28.0186 
1.15125 -2.60059 -1.06215 -5.47995 1.16658 27.8384 
1.14746 -2.56161 -1.06457 -5.58098 1.19852 27.6581 
1.14368 -2.52262 -1.067 -5.68201 1.23046 27.4779 
1.1399 -2.48363 -1.06943 -5.78304 1.2624 27.2977 
1.13611 -2.44465 -1.07185 -5.88407 1.29434 27.1175 
1.13233 -2.40566 -1.07428 -5.9851 1.32628 26.9373 
1.12855 -2.36668 -1.0767 -6.08613 1.35822 26.757 
1.12476 -2.32769 -1.07913 -6.18716 1.39016 26.5768 
1.12098 -2.28871 -1.08155 -6.28819 1.42209 26.3966 
1.1172 -2.24972 -1.08398 -6.38922 1.45403 26.2164 
1.11341 -2.21074 -1.08641 -6.49024 1.48597 26.0362 
1.10963 -2.17175 -1.08883 -6.59127 1.51791 25.8559 
1.10585 -2.13276 -1.09126 -6.6923 1.54985 25.6757 
1.10206 -2.09378 -1.09368 -6.79333 1.58179 25.4955 
1.09828 -2.05479 -1.09611 -6.89436 1.61373 25.3153 
1.0945 -2.01581 -1.09853 -6.99539 1.64567 25.1351 
1.09071 -1.97682 -1.10096 -7.09642 1.67761 24.9548 
1.08693 -1.93784 -1.10338 -7.19745 1.70955 24.7746 
1.08315 -1.89885 -1.10581 -7.29848 1.74149 24.5944 
1.07936 -1.85987 -1.10824 -7.39951 1.77343 24.4142 
1.07558 -1.82088 -1.11066 -7.50054 1.80537 24.234 
1.0718 -1.78189 -1.11309 -7.60157 1.8373 24.0537 
1.06801 -1.74291 -1.11551 -7.7026 1.86924 23.8735 
1.06423 -1.70392 -1.11794 -7.80362 1.90118 23.6933 
1.06045 -1.66494 -1.12036 -7.90465 1.93312 23.5131 
1.05666 -1.62595 -1.12279 -8.00568 1.96506 23.3329 
1.05288 -1.58697 -1.12522 -8.10671 1.997 23.1526 
0.94398 -1.60147 -1.12621 -8.08075 1.98112 22.9206 
0.835081 -1.61596 -1.1272 -8.05479 1.96525 22.6886 
0.726182 -1.63046 -1.12819 -8.02883 1.94937 22.4565 
0.617284 -1.64496 -1.12918 -8.00287 1.9335 22.2245 
0.508385 -1.65946 -1.13017 -7.97691 1.91762 21.9925 
0.399486 -1.67396 -1.13116 -7.95095 1.90175 21.7604 
0.290588 -1.68846 -1.13215 -7.92499 1.88587 21.5284 
0.181689 -1.70295 -1.13314 -7.89903 1.86999 21.2964 
0.0727901 -1.71745 -1.13413 -7.87307 1.85412 21.0643 
-0.0361087 -1.73195 -1.13512 -7.8471 1.83824 20.8323 
-0.145007 -1.74645 -1.13611 -7.82114 1.82237 20.6003 
-0.253906 -1.76095 -1.1371 -7.79518 1.80649 20.3682 
-0.362805 -1.77545 -1.13809 -7.76922 1.79062 20.1362 
-0.471704 -1.78995 -1.13909 -7.74326 1.77474 19.9042 
-0.580602 -1.80444 -1.14008 -7.7173 1.75886 19.6721 
-0.689501 -1.81894 -1.14107 -7.69134 1.74299 19.4401 
-0.599262 -1.86495 -1.13 -7.64436 1.77841 19.3328 
-0.509023 -1.91096 -1.11894 -7.59738 1.81382 19.2254 
-0.418784 -1.95697 -1.10788 -7.5504 1.84924 19.1181 
-0.328545 -2.00297 -1.09681 -7.50341 1.88466 19.0108 
-0.238307 -2.04898 -1.08575 -7.45643 1.92007 18.9034 
-0.148068 -2.09499 -1.07468 -7.40945 1.95549 18.7961 
-0.0578287 -2.141 -1.06362 -7.36247 1.99091 18.6888 
0.0324102 -2.18701 -1.05256 -7.31549 2.02633 18.5814 
0.122649 -2.23301 -1.04149 -7.26851 2.06174 18.4741 
0.212888 -2.27902 -1.03043 -7.22153 2.09716 18.3668 
0.303127 -2.32503 -1.01937 -7.17455 2.13258 18.2594 
0.393366 -2.37104 -1.0083 -7.12756 2.168 18.1521 
0.483605 -2.41704 -0.997238 -7.08058 2.20341 18.0448 
0.573844 -2.46305 -0.986174 -7.0336 2.23883 17.9374 
0.664083 -2.50906 -0.97511 -6.98662 2.27425 17.8301 
0.754322 -2.55507 -0.964046 -6.93964 2.30966 17.7228 
0.848947 -2.59239 -0.947318 -6.93825 2.26914 17.6414 
0.943572 -2.62971 -0.93059 -6.93686 2.22862 17.56 
1.0382 -2.66703 -0.913862 -6.93548 2.18809 17.4787 
1.13282 -2.70435 -0.897134 -6.93409 2.14757 17.3973 
1.22745 -2.74167 -0.880406 -6.9327 2.10705 17.3159 
1.32207 -2.77898 -0.863678 -6.93132 2.06652 17.2346 
1.4167 -2.8163 -0.84695 -6.92993 2.026 17.1532 
1.51132 -2.85362 -0.830222 -6.92854 1.98548 17.0718 
1.60595 -2.89094 -0.813494 -6.92715 1.94495 16.9905 
1.70057 -2.92826 -0.796766 -6.92577 1.90443 16.9091 
1.7952 -2.96558 -0.780038 -6.92438 1.86391 16.8277 
1.88982 -3.0029 -0.76331 -6.92299 1.82338 16.7464 
1.98445 -3.04022 -0.746582 -6.92161 1.78286 16.665 
2.07907 -3.07754 -0.729854 -6.92022 1.74234 16.5836 
2.1737 -3.11486 -0.713126 -6.91883 1.70181 16.5023 
2.26832 -3.15218 -0.696398 -6.91745 1.66129 16.4209 
2.39577 -3.05891 -0.723427 -6.90035 1.65498 16.4286 
2.52322 -2.96565 -0.750456 -6.88326 1.64867 16.4363 
2.65067 -2.87238 -0.777486 -6.86617 1.64236 16.444 
2.77812 -2.77911 -0.804515 -6.84908 1.63605 16.4517 
2.90557 -2.68585 -0.831544 -6.83199 1.62974 16.4594 
3.03302 -2.59258 -0.858574 -6.8149 1.62343 16.4671 
3.16047 -2.49931 -0.885603 -6.79781 1.61712 16.4748 
3.28792 -2.40605 -0.912632 -6.78071 1.61081 16.4825 
3.41537 -2.31278 -0.939662 -6.76362 1.6045 16.4903 
3.54282 -2.21951 -0.966691 -6.74653 1.5982 16.498 
3.67026 -2.12625 -0.993721 -6.72944 1.59189 16.5057 
3.79771 -2.03298 -1.02075 -6.71235 1.58558 16.5134 
3.92516 -1.93971 -1.04778 -6.69526 1.57927 16.5211 
4.05261 -1.84645 -1.07481 -6.67817 1.57296 16.5288 
4.18006 -1.75318 -1.10184 -6.66108 1.56665 16.5365 
4.30751 -1.65991 -1.12887 -6.64398 1.56034 16.5442 
4.39993 -1.60015 -0.984908 -6.54381 1.52018 16.4767 
4.49236 -1.54038 -0.840948 -6.44364 1.48002 16.4093 
4.58478 -1.48062 -0.696989 -6.34347 1.43985 16.3418 
4.67721 -1.42085 -0.553029 -6.2433 1.39969 16.2744 
4.76963 -1.36109 -0.40907 -6.14313 1.35953 16.2069 
4.86205 -1.30132 -0.26511 -6.04296 1.31937 16.1395 
4.95448 -1.24156 -0.121151 -5.94279 1.27921 16.072 
5.0469 -1.18179 0.0228086 -5.84262 1.23904 16.0046 
5.13933 -1.12202 0.166768 -5.74245 1.19888 15.9371 
5.23175 -1.06226 0.310728 -5.64228 1.15872 15.8697 
5.32417 -1.00249 0.454687 -5.5421 1.11856 15.8023 
5.4166 -0.942728 0.598647 -5.44193 1.07839 15.7348 
5.50902 -0.882963 0.742606 -5.34176 1.03823 15.6674 
5.60145 -0.823198 0.886566 -5.24159 0.998071 15.5999 
5.69387 -0.763432 1.03053 -5.14142 0.957908 15.5325 
5.7863 -0.703667 1.17448 -5.04125 0.917746 15.465 
5.87872 -0.643901 1.31844 -4.94108 0.877584 15.3976 
5.97114 -0.584136 1.4624 -4.84091 0.837422 15.3301 
6.06357 -0.52437 1.60636 -4.74074 0.79726 15.2627 
6.15599 -0.464605 1.75032 -4.64057 0.757098 15.1952 
6.24842 -0.404839 1.89428 -4.5404 0.716936 15.1278 
6.34084 -0.345074 2.03824 -4.44023 0.676774 15.0603 
6.43326 -0.285309 2.1822 -4.34005 0.636612 14.9929 
6.52569 -0.225543 2.32616 -4.23988 0.59645 14.9254 
6.61811 -0.165778 2.47012 -4.13971 0.556288 14.858 
6.71054 -0.106012 2.61408 -4.03954 0.516126 14.7905 
6.80296 -0.0462468 2.75804 -3.93937 0.475963 14.7231 
6.89539 0.0135187 2.902 -3.8392 0.435801 14.6556 
6.98781 0.0732841 3.04596 -3.73903 0.395639 14.5882 
7.08023 0.13305 3.18992 -3.63886 0.355477 14.5207 
7.17266 0.192815 3.33388 -3.53869 0.315315 14.4533 
7.26508 0.25258 3.47784 -3.43852 0.275153 14.3858 
7.17438 0.148172 3.51403 -3.25582 0.294515 14.3685 
7.08367 0.0437634 3.55022 -3.07312 0.313877 14.3511 
6.99297 -0.0606451 3.58641 -2.89042 0.333239 14.3338 
6.90226 -0.165054 3.6226 -2.70772 0.352601 14.3164 
6.81156 -0.269462 3.6588 -2.52502 0.371963 14.2991 
6.72085 -0.373871 3.69499 -2.34232 0.391325 14.2818 
6.63015 -0.478279 3.73118 -2.15962 0.410688 14.2644 
6.53944 -0.582688 3.76737 -1.97692 0.43005 14.2471 
6.54225 -0.603594 3.69074 -1.9618 0.415155 14.0628 
6.54506 -0.6245 3.61412 -1.94667 0.40026 13.8785 
6.54788 -0.645406 3.53749 -1.93155 0.385366 13.6942 
6.55069 -0.666313 3.46086 -1.91643 0.370471 13.51 
6.5535 -0.687219 3.38424 -1.90131 0.355576 13.3257 
6.55631 -0.708125 3.30761 -1.88618 0.340681 13.1414 
6.55912 -0.729032 3.23099 -1.87106 0.325787 12.9571 
6.56193 -0.749938 3.15436 -1.85594 0.310892 12.7729 
6.56475 -0.770844 3.07773 -1.84081 0.295997 12.5886 
6.56756 -0.79175 3.00111 -1.82569 0.281103 12.4043 
6.57037 -0.812657 2.92448 -1.81057 0.266208 12.22 
6.57318 -0.833563 2.84785 -1.79545 0.251313 12.0358 
6.57599 -0.854469 2.77123 -1.78032 0.236419 11.8515 
6.57881 -0.875376 2.6946 -1.7652 0.221524 11.6672 
6.58162 -0.896282 2.61797 -1.75008 0.206629 11.4829 
6.58443 -0.917188 2.54135 -1.73496 0.191735 11.2987 
6.58724 -0.938094 2.46472 -1.71983 0.17684 11.1144 
6.59005 -0.959001 2.3881 -1.70471 0.161945 10.9301 
6.59286 -0.979907 2.31147 -1.68959 0.14705 10.7458 
6.59568 -1.00081 2.23484 -1.67446 0.132156 10.5616 
6.59849 -1.02172 2.15822 -1.65934 0.117261 10.3773 
6.6013 -1.04263 2.08159 -1.64422 0.102366 10.193 
6.60411 -1.06353 2.00496 -1.6291 0.0874717 10.0087 
6.60692 -1.08444 1.92834 -1.61397 0.072577 9.82446 
6.60974 -1.10534 1.85171 -1.59885 0.0576823 9.64018 
6.61255 -1.12625 1.77509 -1.58373 0.0427877 9.4559 
6.61536 -1.14716 1.69846 -1.5686 0.027893 9.27163 
6.61817 -1.16806 1.62183 -1.55348 0.0129983 9.08735 
6.62098 -1.18897 1.54521 -1.53836 -0.00189642 8.90308 
6.62379 -1.20988 1.46858 -1.52324 -0.0167911 8.7188 
6.62661 -1.23078 1.39195 -1.50811 -0.0316858 8.53452 
6.62942 -1.25169 1.31533 -1.49299 -0.0465805 8.35025 
6.63223 -1.2726 1.2387 -1.47787 -0.0614752 8.16597 
6.63504 -1.2935 1.16207 -1.46274 -0.0763699 7.9817 
6.63785 -1.31441 1.08545 -1.44762 -0.0912646 7.79742 
6.64066 -1.33531 1.00882 -1.4325 -0.106159 7.61314 
6.64348 -1.35622 0.932195 -1.41738 -0.121054 7.42887 
6.64629 -1.37713 0.855569 -1.40225 -0.135949 7.24459 
6.6491 -1.39803 0.778942 -1.38713 -0.150843 7.06032 
6.65191 -1.41894 0.702316 -1.37201 -0.165738 6.87604 
6.65472 -1.43985 0.62569 -1.35688 -0.180633 6.69176 
6.65754 -1.46075 0.549063 -1.34176 -0.195527 6.50749 
6.66035 -1.48166 0.472437 -1.32664 -0.210422 6.32321 
6.66316 -1.50256 0.395811 -1.31152 -0.225317 6.13894 
6.66597 -1.52347 0.319184 -1.29639 -0.240211 5.95466 
6.66878 -1.54438 0.242558 -1.28127 -0.255106 5.77039 
6.67159 -1.56528 0.165932 -1.26615 -0.270001 5.58611 
6.67441 -1.58619 0.0893052 -1.25103 -0.284896 5.40183 
6.67722 -1.6071 0.0126788 -1.2359 -0.29979 5.21756 
6.68003 -1.628 -0.0639475 -1.22078 -0.314685 5.03328 
6.68284 -1.64891 -0.140574 -1.20566 -0.32958 4.84901 
6.68565 -1.66981 -0.2172 -1.19053 -0.344474 4.66473 
6.68847 -1.69072 -0.293827 -1.17541 -0.359369 4.48045 
6.69128 -1.71163 -0.370453 -1.16029 -0.374264 4.29618 
6.69409 -1.73253 -0.447079 -1.14517 -0.389158 4.1119 
6.6969 -1.75344 -0.523706 -1.13004 -0.404053 3.92763 
6.69971 -1.77435 -0.600332 -1.11492 -0.418948 3.74335 
6.70252 -1.79525 -0.676958 -1.0998 -0.433842 3.55907 
6.70534 -1.81616 -0.753585 -1.08467 -0.448737 3.3748 
6.70815 -1.83706 -0.830211 -1.06955 -0.463632 3.19052 
6.71096 -1.85797 -0.906837 -1.05443 -0.478527 3.00625 
6.71377 -1.87888 -0.983464 -1.03931 -0.493421 2.82197 
6.71658 -1.89978 -1.06009 -1.02418 -0.508316 2.6377 
6.71939 -1.92069 -1.13672 -1.00906 -0.523211 2.45342 
6.67764 -1.95049 -1.10376 -0.924612 -0.543668 2.37497 
6.63589 -1.98028 -1.0708 -0.840164 -0.564125 2.29652 
6.59414 -2.01008 -1.03785 -0.755716 -0.584582 2.21807 
6.55239 -2.03987 -1.00489 -0.671268 -0.605039 2.13962 
6.51064 -2.06967 -0.971936 -0.58682 -0.625497 2.06117 
6.46889 -2.09946 -0.93898 -0.502372 -0.645954 1.98271 
6.42714 -2.12926 -0.906024 -0.417924 -0.666411 1.90426 
6.38539 -2.15905 -0.873068 -0.333475 -0.686868 1.82581 
6.34364 -2.18885 -0.840112 -0.249027 -0.707326 1.74736 
6.30189 -2.21864 -0.807155 -0.164579 -0.727783 1.66891 
6.26014 -2.24844 -0.774199 -0.0801311 -0.74824 1.59046 
6.21839 -2.27823 -0.741243 0.00431695 -0.768697 1.51201 
6.17664 -2.30803 -0.708287 0.088765 -0.789154 1.43356 
6.13489 -2.33782 -0.675331 0.173213 -0.809612 1.35511 
6.09313 -2.36762 -0.642375 0.257661 -0.830069 1.27666 
6.05138 -2.39741 -0.609419 0.342109 -0.850526 1.19821 
5.83689 -2.298 -0.662932 0.320994 -0.851737 1.12103 
5.6224 -2.19859 -0.716445 0.29988 -0.852948 1.04386 
5.40791 -2.09918 -0.769958 0.278765 -0.854159 0.966691 
5.19342 -1.99977 -0.823471 0.25765 -0.85537 0.889519 
4.97893 -1.90036 -0.876984 0.236535 -0.856581 0.812347 
4.76444 -1.80095 -0.930498 0.21542 -0.857792 0.735176 
4.54995 -1.70154 -0.984011 0.194305 -0.859003 0.658004 
4.33546 -1.60213 -1.03752 0.173191 -0.860214 0.580832 
4.19998 -1.55207 -0.956014 0.167778 -0.833333 0.562681 
4.0645 -1.502 -0.874504 0.162366 -0.806451 0.54453 
3.92901 -1.45193 -0.792994 0.156954 -0.779569 0.526379 
3.79353 -1.40187 -0.711484 0.151542 -0.752688 0.508228 
3.65805 -1.3518 -0.629974 0.14613 -0.725806 0.490077 
3.52256 -1.30173 -0.548464 0.140717 -0.698924 0.471926 
3.38708 -1.25167 -0.466954 0.135305 -0.672043 0.453775 
3.2516 -1.2016 -0.385444 0.129893 -0.645161 0.435624 
3.11611 -1.15153 -0.303934 0.124481 -0.618279 0.417473 
2.98063 -1.10147 -0.222424 0.119068 -0.591397 0.399322 
2.84515 -1.0514 -0.140914 0.113656 -0.564516 0.381171 
2.70966 -1.00133 -0.0594037 0.108244 -0.537634 0.36302 
2.57418 -0.951266 0.0221063 0.102832 -0.510752 0.344869 
2.4387 -0.901199 0.103616 0.0974197 -0.483871 0.326718 
2.30321 -0.851133 0.185126 0.0920075 -0.456989 0.308567 
2.16773 -0.801066 0.266636 0.0865953 -0.430107 0.290416 
2.03225 -0.750999 0.348146 0.0811831 -0.403226 0.272265 
1.89677 -0.700933 0.429656 0.0757709 -0.376344 0.254114 
1.76128 -0.650866 0.511166 0.0703587 -0.349462 0.235963 
1.6258 -0.600799 0.592676 0.0649465 -0.32258 0.217812 
1.49032 -0.550733 0.674186 0.0595342 -0.295699 0.199661 
1.35483 -0.500666 0.755696 0.054122 -0.268817 0.18151 
1.21935 -0.4506 0.837206 0.0487098 -0.241935 0.163359 
1.08387 -0.400533 0.918716 0.0432976 -0.215054 0.145208 
0.948383 -0.350466 1.00023 0.0378854 -0.188172 0.127057 
0.812899 -0.3004 1.08174 0.0324732 -0.16129 0.108906 
0.677416 -0.250333 1.16325 0.027061 -0.134409 0.090755 
0.541933 -0.200266 1.24476 0.0216488 -0.107527 0.072604 
0.40645 -0.1502 1.32627 0.0162366 -0.0806451 0.054453 
0.270966 -0.100133 1.40778 0.0108244 -0.0537634 0.036302 
0.135483 -0.0500666 1.48929 0.0054122 -0.0268817 0.018151 
0 0 1.5708 0 0 0 
